#Timestep	Conc
0.000000333	0.000000000 
0.000000667	0.000000001 
0.000001001	0.000000013 
0.000001335	0.000000042 
0.000001669	0.000000097 
0.000002003	0.000000187 
0.000002337	0.000000321 
0.000002672	0.000000505 
0.000003007	0.000000749 
0.000003342	0.000001061 
0.000003677	0.000001450 
0.000004013	0.000001922 
0.000004349	0.000002488 
0.000004684	0.000003154 
0.000005021	0.000003930 
0.000005357	0.000004823 
0.000005693	0.000005842 
0.000006030	0.000006996 
0.000006367	0.000008291 
0.000006704	0.000009737 
0.000007041	0.000011341 
0.000007379	0.000013113 
0.000007716	0.000015060 
0.000008054	0.000017190 
0.000008392	0.000019511 
0.000008730	0.000022033 
0.000009069	0.000024762 
0.000009407	0.000027708 
0.000009746	0.000030877 
0.000010085	0.000034280 
0.000010425	0.000037923 
0.000010764	0.000041815 
0.000011104	0.000045964 
0.000011444	0.000050378 
0.000011784	0.000055065 
0.000012124	0.000060034 
0.000012464	0.000065292 
0.000012805	0.000070848 
0.000013146	0.000076710 
0.000013487	0.000082885 
0.000013828	0.000089383 
0.000014170	0.000096211 
0.000014511	0.000103377 
0.000014853	0.000110889 
0.000015195	0.000118756 
0.000015537	0.000126985 
0.000015880	0.000135585 
0.000016222	0.000144563 
0.000016565	0.000153928 
0.000016908	0.000163688 
0.000017252	0.000173850 
0.000017595	0.000184424 
0.000017939	0.000195416 
0.000018283	0.000206835 
0.000018627	0.000218689 
0.000018971	0.000230986 
0.000019316	0.000243734 
0.000019660	0.000256941 
0.000020005	0.000270615 
0.000020350	0.000284764 
0.000020696	0.000299396 
0.000021041	0.000314518 
0.000021387	0.000330140 
0.000021733	0.000346269 
0.000022079	0.000362912 
0.000022425	0.000380079 
0.000022772	0.000397776 
0.000023119	0.000416011 
0.000023466	0.000434794 
0.000023813	0.000454131 
0.000024160	0.000474031 
0.000024508	0.000494501 
0.000024856	0.000515550 
0.000025204	0.000537184 
0.000025552	0.000559413 
0.000025900	0.000582245 
0.000026249	0.000605686 
0.000026598	0.000629745 
0.000026947	0.000654430 
0.000027296	0.000679749 
0.000027645	0.000705709 
0.000027995	0.000732319 
0.000028345	0.000759586 
0.000028695	0.000787518 
0.000029045	0.000816123 
0.000029396	0.000845409 
0.000029747	0.000875384 
0.000030098	0.000906055 
0.000030449	0.000937431 
0.000030800	0.000969519 
0.000031152	0.001002327 
0.000031503	0.001035862 
0.000031855	0.001070134 
0.000032208	0.001105148 
0.000032560	0.001140914 
0.000032913	0.001177439 
0.000033265	0.001214731 
0.000033618	0.001252797 
0.000033972	0.001291646 
0.000034325	0.001331285 
0.000034679	0.001371721 
0.000035033	0.001412964 
0.000035387	0.001455019 
0.000035741	0.001497896 
0.000036096	0.001541602 
0.000036450	0.001586144 
0.000036805	0.001631531 
0.000037161	0.001677769 
0.000037516	0.001724868 
0.000037872	0.001772834 
0.000038227	0.001821675 
0.000038583	0.001871399 
0.000038940	0.001922013 
0.000039296	0.001973526 
0.000039653	0.002025944 
0.000040010	0.002079277 
0.000040367	0.002133530 
0.000040724	0.002188713 
0.000041082	0.002244832 
0.000041439	0.002301895 
0.000041797	0.002359911 
0.000042156	0.002418886 
0.000042514	0.002478828 
0.000042873	0.002539744 
0.000043232	0.002601644 
0.000043591	0.002664533 
0.000043950	0.002728420 
0.000044309	0.002793313 
0.000044669	0.002859218 
0.000045029	0.002926143 
0.000045389	0.002994097 
0.000045750	0.003063087 
0.000046110	0.003133120 
0.000046471	0.003204203 
0.000046832	0.003276345 
0.000047193	0.003349553 
0.000047555	0.003423834 
0.000047916	0.003499197 
0.000048278	0.003575648 
0.000048641	0.003653195 
0.000049003	0.003731846 
0.000049365	0.003811608 
0.000049728	0.003892489 
0.000050091	0.003974497 
0.000050455	0.004057638 
0.000050818	0.004141920 
0.000051182	0.004227351 
0.000051546	0.004313939 
0.000051910	0.004401690 
0.000052274	0.004490612 
0.000052639	0.004580714 
0.000053003	0.004672001 
0.000053368	0.004764482 
0.000053734	0.004858165 
0.000054099	0.004953056 
0.000054465	0.005049163 
0.000054831	0.005146493 
0.000055197	0.005245055 
0.000055563	0.005344855 
0.000055930	0.005445901 
0.000056297	0.005548200 
0.000056664	0.005651759 
0.000057031	0.005756587 
0.000057398	0.005862691 
0.000057766	0.005970077 
0.000058134	0.006078754 
0.000058502	0.006188728 
0.000058871	0.006300008 
0.000059239	0.006412599 
0.000059608	0.006526511 
0.000059977	0.006641750 
0.000060347	0.006758324 
0.000060716	0.006876239 
0.000061086	0.006995504 
0.000061456	0.007116126 
0.000061826	0.007238111 
0.000062197	0.007361468 
0.000062567	0.007486204 
0.000062938	0.007612325 
0.000063309	0.007739840 
0.000063681	0.007868756 
0.000064052	0.007999080 
0.000064424	0.008130818 
0.000064796	0.008263980 
0.000065168	0.008398571 
0.000065541	0.008534599 
0.000065914	0.008672072 
0.000066287	0.008810997 
0.000066660	0.008951380 
0.000067033	0.009093230 
0.000067407	0.009236553 
0.000067781	0.009381357 
0.000068155	0.009527650 
0.000068529	0.009675437 
0.000068904	0.009824727 
0.000069279	0.009975527 
0.000069654	0.010127843 
0.000070029	0.010281684 
0.000070405	0.010437057 
0.000070780	0.010593968 
0.000071156	0.010752425 
0.000071533	0.010912435 
0.000071909	0.011074005 
0.000072286	0.011237143 
0.000072663	0.011401855 
0.000073040	0.011568149 
0.000073417	0.011736032 
0.000073795	0.011905512 
0.000074173	0.012076595 
0.000074551	0.012249288 
0.000074929	0.012423599 
0.000075308	0.012599535 
0.000075687	0.012777102 
0.000076066	0.012956309 
0.000076445	0.013137162 
0.000076824	0.013319669 
0.000077204	0.013503836 
0.000077584	0.013689670 
0.000077964	0.013877180 
0.000078345	0.014066371 
0.000078726	0.014257251 
0.000079107	0.014449827 
0.000079488	0.014644107 
0.000079869	0.014840096 
0.000080251	0.015037803 
0.000080633	0.015237235 
0.000081015	0.015438397 
0.000081397	0.015641299 
0.000081780	0.015845945 
0.000082163	0.016052345 
0.000082546	0.016260504 
0.000082929	0.016470430 
0.000083313	0.016682130 
0.000083697	0.016895611 
0.000084081	0.017110879 
0.000084465	0.017327942 
0.000084850	0.017546808 
0.000085234	0.017767482 
0.000085619	0.017989972 
0.000086005	0.018214285 
0.000086390	0.018440428 
0.000086776	0.018668408 
0.000087162	0.018898232 
0.000087548	0.019129906 
0.000087935	0.019363439 
0.000088322	0.019598836 
0.000088709	0.019836106 
0.000089096	0.020075254 
0.000089483	0.020316287 
0.000089871	0.020559214 
0.000090259	0.020804040 
0.000090647	0.021050773 
0.000091036	0.021299419 
0.000091424	0.021549986 
0.000091813	0.021802480 
0.000092203	0.022056908 
0.000092592	0.022313278 
0.000092982	0.022571595 
0.000093372	0.022831868 
0.000093762	0.023094103 
0.000094152	0.023358306 
0.000094543	0.023624486 
0.000094934	0.023892647 
0.000095325	0.024162799 
0.000095716	0.024434946 
0.000096108	0.024709097 
0.000096500	0.024985258 
0.000096892	0.025263437 
0.000097285	0.025543638 
0.000097677	0.025825871 
0.000098070	0.026110141 
0.000098463	0.026396455 
0.000098857	0.026684821 
0.000099250	0.026975245 
0.000099644	0.027267733 
0.000104788	0.031261080 
0.000110376	0.035970234 
0.000116014	0.041121136 
0.000122112	0.047150886 
0.000128270	0.053730877 
0.000134905	0.061380746 
0.000142032	0.070251507 
0.000149239	0.079918134 
0.000156960	0.091055088 
0.000165211	0.103856099 
0.000173568	0.117771843 
0.000182482	0.133669673 
0.000191974	0.151792942 
0.000201605	0.171434938 
0.000211845	0.193699307 
0.000222722	0.218885989 
0.000234261	0.247322050 
0.000245999	0.278033053 
0.000258444	0.312523193 
0.000271628	0.351186441 
0.000285589	0.394448406 
0.000300365	0.442767811 
0.000315454	0.494714288 
0.000331425	0.552455406 
0.000348325	0.616530432 
0.000366209	0.687516330 
0.000384535	0.763493757 
0.000403935	0.847303418 
0.000424475	0.939613666 
0.000446230	1.041135587 
0.000468613	1.149339433 
0.000492340	1.267886174 
0.000517505	1.397591593 
0.000543480	1.535376135 
0.000571065	1.685616036 
0.000600381	1.849244700 
0.000630755	2.022557643 
0.000663090	2.210747870 
0.000696674	2.409642895 
0.000731584	2.619503131 
0.000768855	2.846413318 
0.000807711	3.085431793 
0.000848261	3.336862074 
0.000891707	3.607789101 
0.000937202	3.892442103 
0.000984903	4.191194257 
0.001034987	4.504440660 
0.001087648	4.832602180 
0.001143107	5.176129807 
0.001201607	5.535509604 
0.001261876	5.901904232 
0.001325594	6.284420726 
0.001393087	6.683640650 
0.001462886	7.089571388 
0.001537022	7.512638588 
0.001615946	7.953561244 
0.001697945	8.401112080 
0.001783150	8.854679054 
0.001874241	9.326649067 
0.001969166	9.804414851 
0.002068106	10.287369559 
0.002174389	10.789514457 
0.002285531	11.296724505 
0.002401783	11.808379070 
0.002523396	12.323829118 
0.002650627	12.842390612 
0.002783728	13.363337496 
0.002922944	13.885894400 
0.003073927	14.428275627 
0.003232398	14.971959027 
0.003398670	15.516028520 
0.003573032	16.059486107 
0.003755727	16.601244746 
0.003946947	17.140122595 
0.004146806	17.674839065 
0.004355323	18.204013156 
0.004583211	18.751458609 
0.004821398	19.291975663 
0.005069706	19.823893521 
0.005327751	20.345444214 
0.005594907	20.854774910 
0.005887220	21.379531755 
0.006189596	21.889832003 
0.006500733	22.383597189 
0.006841106	22.890824781 
0.007190298	23.378886032 
0.007572500	23.879331177 
0.007962871	24.357758697 
0.008389914	24.847246899 
0.008823350	25.311706326 
0.009296611	25.785692519 
0.009772846	26.231571408 
0.010291028	26.685299375 
0.010806601	27.107901998 
0.011364669	27.536635529 
0.011968966	27.971173201 
0.012623311	28.411116225 
0.013264804	28.815360904 
0.013953567	29.223284977 
0.014692181	29.634450317 
0.015482949	30.048391305 
0.016327802	30.464628372 
0.017228220	30.882683930 
0.018185173	31.302099439 
0.019095129	31.680385628 
0.020051161	32.059156070 
0.021166960	32.480296059 
0.022338158	32.901486406 
0.023563398	33.322537001 
0.024841038	33.743324533 
0.026169250	34.163787059 
0.027546102	34.583916166 
0.028969638	35.003747863 
0.030437934	35.423353213 
0.032102559	35.884774292 
0.033816815	36.346193952 
0.035578591	36.807782660 
0.037385978	37.269718380 
0.039407695	37.774254234 
0.041479728	38.279643031 
0.043600398	38.786101600 
0.045951023	39.336207875 
0.048355535	39.888046790 
0.050812694	40.441835100 
0.053516617	41.040625676 
0.056279521	41.642118791 
0.059100745	42.246503598 
0.062187737	42.897453801 
0.065340984	43.552084903 
0.068777532	44.254579304 
0.072289881	44.961574462 
0.076105548	45.717821070 
0.080008655	46.479395328 
0.084238280	47.291669300 
0.088569663	48.110083303 
0.093005281	48.934682996 
0.097803553	49.811829243 
0.102724928	50.695894969 
0.108042992	51.633943807 
0.113507689	52.579591120 
0.119410137	53.580623992 
0.125488827	54.589857231 
0.132055434	55.655809737 
0.138835926	56.730460587 
0.145842416	57.813620825 
0.153423559	58.954884379 
0.161283260	60.104950270 
0.169440300	61.263525098 
0.177915561	62.430288659 
0.187123781	63.656134926 
0.196733443	64.890089306 
0.206777853	66.131686140 
0.217294636	67.380420551 
0.228326452	68.635745291 
0.239921889	69.897067032 
0.252136552	71.163742061 
0.265034417	72.435071330 
0.278689520	73.710294770 
0.293188096	74.988584799 
0.307967483	76.215655974 
0.323719133	77.443849053 
0.340567089	78.672219728 
0.357844620	79.846398916 
0.376415927	81.018811574 
0.395522015	82.135296561 
0.416175927	83.248168705 
0.437506666	84.303667276 
0.459509027	85.301459671 
0.483482199	86.293447555 
0.508318820	87.226901966 
0.534005363	88.101940863 
0.562248791	88.969688297 
0.591602380	89.778853612 
0.622034674	90.530051486 
0.654530327	91.246292961 
0.689729499	91.941213020 
0.724547904	92.562884171 
0.761474736	93.163471661 
0.800364817	93.741238645 
0.841008130	94.294370065 
0.883130511	94.821059344 
0.928601607	95.343791685 
0.976821214	95.852781698 
1.027740591	96.345137942 
1.080669080	96.812147813 
1.135405683	97.250327604 
1.192912431	97.663821071 
1.253050696	98.046688353 
1.316898984	98.399560423 
1.383640147	98.712048017 
1.456349652	98.991525166 
1.531609939	99.220951317 
1.608859092	99.402541003 
1.689895295	99.545604232 
1.775436606	99.656205248 
1.865184008	99.739719769 
1.959055074	99.802178167 
2.057120613	99.848980139 
2.162147121	99.885144577 
2.272616043	99.912787617 
2.387798109	99.933945008 
2.507980700	99.950259536 
2.633429828	99.962858719 
2.765348478	99.972612898 
2.904377618	99.980103921 
3.050234621	99.985757340 
3.203074795	99.989959647 
3.363452857	99.993039487 
3.531993904	99.995261445 
3.709167045	99.996835492 
3.894922231	99.997926707 
4.091114073	99.998672989 
4.296730527	99.999168319 
4.511710957	99.999489519 
4.739238736	99.999695332 
4.976948411	99.999822232 
5.226076633	99.999898872 
5.487485123	99.999944016 
5.763313281	99.999969983 
6.052151064	99.999984360 
6.356104867	99.999992118 
6.675013484	99.999996156 
7.009683075	99.999998189 
7.361130511	99.999999177 
7.730091052	99.999999640 
8.118442396	99.999999849 
8.524707973	99.999999939 
8.951676432	99.999999977 
9.400013430	99.999999991 
9.870167947	99.999999997 
10.364524380	99.999999999 
10.884147218	100.000000000 
11.429659011	100.000000000 
12.002675793	100.000000000 
12.603736078	100.000000000 
13.235321384	100.000000000 
13.897823994	100.000000000 
14.593422933	100.000000000 
15.323223462	100.000000000 
16.089882408	100.000000000 
16.894818364	100.000000000 
17.740472481	100.000000000 
18.628320148	100.000000000 
19.561097535	100.000000000 
20.540161782	100.000000000 
21.568459037	100.000000000 
22.647422171	100.000000000 
23.779954041	100.000000000 
24.968981513	100.000000000 
26.218747235	100.000000000 
27.530657893	100.000000000 
28.907422897	100.000000000 
30.353092819	100.000000000 
31.871721784	100.000000000 
33.466011980	100.000000000 
35.140015988	100.000000000 
36.897789182	100.000000000 
38.743382748	100.000000000 
40.680850666	100.000000000 
42.715597308	100.000000000 
44.851675398	100.000000000 
47.094490451	100.000000000 
49.449446755	100.000000000 
51.921947657	100.000000000 
54.518749151	100.000000000 
57.245255612	100.000000000 
60.108222116	100.000000000 
63.114405299	100.000000000 
66.270559460	100.000000000 
69.584791236	100.000000000 
73.065207836	100.000000000 
76.718564391	100.000000000 
80.555669647	100.000000000 
84.584630164	100.000000000 
88.814903797	100.000000000 
93.255947599	100.000000000 
97.919922011	100.000000000 
