#Timestep	Conc
0.000000667	0.000000000 
0.000001334	0.000033344 
0.000002002	0.000100033 
0.000002671	0.000200067 
0.000003340	0.000333445 
0.000004010	0.000500167 
0.000004681	0.000700234 
0.000005352	0.000933646 
0.000006024	0.001200402 
0.000006697	0.001500503 
0.000007370	0.001833949 
0.000008044	0.002200741 
0.000008719	0.002600877 
0.000009394	0.003034358 
0.000010071	0.003501185 
0.000010747	0.004001358 
0.000011425	0.004534876 
0.000012103	0.005101740 
0.000012782	0.005701950 
0.000013461	0.006335507 
0.000014142	0.007002409 
0.000014822	0.007702659 
0.000015504	0.008436256 
0.000016186	0.009203199 
0.000016869	0.010003491 
0.000017553	0.010837129 
0.000018237	0.011704116 
0.000018922	0.012604451 
0.000019608	0.013538135 
0.000020295	0.014505167 
0.000020982	0.015505549 
0.000021669	0.016539280 
0.000022358	0.017606361 
0.000023047	0.018706792 
0.000023737	0.019840574 
0.000024428	0.021007707 
0.000025119	0.022208191 
0.000025811	0.023442027 
0.000026504	0.024709215 
0.000027198	0.026009756 
0.000027892	0.027343649 
0.000028587	0.028710897 
0.000029282	0.030111498 
0.000029979	0.031545453 
0.000030676	0.033012763 
0.000031373	0.034513429 
0.000032072	0.036047451 
0.000032771	0.037614828 
0.000033471	0.039215563 
0.000034172	0.040849656 
0.000034873	0.042517106 
0.000035575	0.044217915 
0.000036278	0.045952083 
0.000036981	0.047719610 
0.000037685	0.049520498 
0.000038390	0.051354747 
0.000039096	0.053222358 
0.000039803	0.055123330 
0.000040510	0.057057666 
0.000041218	0.059025365 
0.000041926	0.061026428 
0.000042636	0.063060856 
0.000043346	0.065128649 
0.000044056	0.067229809 
0.000044768	0.069364335 
0.000045480	0.071532229 
0.000046193	0.073733491 
0.000046907	0.075968123 
0.000047622	0.078236124 
0.000048337	0.080537496 
0.000049053	0.082872240 
0.000049770	0.085240356 
0.000050487	0.087641844 
0.000051205	0.090076707 
0.000051924	0.092544944 
0.000052644	0.095046557 
0.000053365	0.097581546 
0.000054086	0.100149912 
0.000054808	0.102751657 
0.000055531	0.105386780 
0.000056254	0.108055283 
0.000056978	0.110757167 
0.000057703	0.113492433 
0.000058429	0.116261082 
0.000059156	0.119063114 
0.000059883	0.121898530 
0.000060611	0.124767332 
0.000061340	0.127669521 
0.000062070	0.130605097 
0.000062800	0.133574062 
0.000063531	0.136576416 
0.000064263	0.139612161 
0.000064996	0.142681297 
0.000065729	0.145783826 
0.000066463	0.148919748 
0.000067198	0.152089066 
0.000067934	0.155291779 
0.000068671	0.158527890 
0.000069408	0.161797398 
0.000070146	0.165100306 
0.000070885	0.168436614 
0.000071625	0.171806323 
0.000072365	0.175209435 
0.000073106	0.178645951 
0.000073848	0.182115872 
0.000074591	0.185619200 
0.000075335	0.189155934 
0.000076079	0.192726078 
0.000076825	0.196329631 
0.000077571	0.199966595 
0.000078317	0.203636972 
0.000079065	0.207340762 
0.000079813	0.211077967 
0.000080562	0.214848589 
0.000081312	0.218652628 
0.000082063	0.222490086 
0.000082815	0.226360964 
0.000083567	0.230265264 
0.000084320	0.234202986 
0.000085074	0.238174133 
0.000085829	0.242178705 
0.000086585	0.246216705 
0.000087341	0.250288133 
0.000088098	0.254392990 
0.000088856	0.258531279 
0.000089615	0.262703001 
0.000090375	0.266908157 
0.000091136	0.271146748 
0.000091897	0.275418776 
0.000092659	0.279724244 
0.000093422	0.284063151 
0.000094186	0.288435499 
0.000094950	0.292841291 
0.000095716	0.297280528 
0.000096482	0.301753211 
0.000097249	0.306259341 
0.000098017	0.310798921 
0.000098786	0.315371952 
0.000099555	0.319978435 
0.000104966	0.353160627 
0.000110418	0.387982645 
0.000116699	0.429787958 
0.000123037	0.473736815 
0.000129430	0.519830210 
0.000136690	0.574249982 
0.000144024	0.631386838 
0.000151432	0.691242436 
0.000159752	0.760939428 
0.000168166	0.833997567 
0.000176677	0.910419504 
0.000186153	0.998372153 
0.000195749	1.090402278 
0.000206359	1.195453951 
0.000217119	1.305368655 
0.000228033	1.420152294 
0.000240034	1.550002898 
0.000252223	1.685583315 
0.000265566	1.838010900 
0.000279139	1.997105277 
0.000293944	2.174975326 
0.000309028	2.360527990 
0.000325435	2.566937266 
0.000342178	2.782127247 
0.000360350	3.020412313 
0.000378928	3.268662681 
0.000397926	3.526907644 
0.000418516	3.811271504 
0.000439612	4.106913384 
0.000462451	4.431259814 
0.000485899	4.768267379 
0.000511268	5.136748429 
0.000537371	5.519381685 
0.000564241	5.916235412 
0.000593319	6.348315302 
0.000623325	6.796240191 
0.000655805	7.282590315 
0.000689411	7.786543901 
0.000724202	8.308219207 
0.000761914	8.872690853 
0.000801073	9.456818842 
0.000841766	10.060762248 
0.000884087	10.684689147 
0.000930092	11.357241120 
0.000978104	12.051958840 
0.001028261	12.769068247 
0.001080710	13.508808615 
0.001135615	14.271433391 
0.001193155	15.057211104 
0.001253529	15.866426371 
0.001316952	16.699380987 
0.001383666	17.556395132 
0.001453936	18.437808699 
0.001528060	19.343982752 
0.001606368	20.275301145 
0.001689227	21.232172316 
0.001777054	22.215031279 
0.001866313	23.181752777 
0.001961024	24.173202417 
0.002061708	25.189843926 
0.002168957	26.232172154 
0.002278305	27.253704796 
0.002394944	28.299717097 
0.002519638	29.370737408 
0.002646982	30.416922813 
0.002783336	31.486935752 
0.002929706	32.581339666 
0.003079480	33.646857869 
0.003240554	34.735606895 
0.003405267	35.791982460 
0.003582741	36.870417819 
0.003764062	37.912978864 
0.003959798	38.976411243 
0.004159535	40.000450979 
0.004375553	41.044149883 
0.004595631	42.044917443 
0.004834085	43.064102527 
0.005076504	44.036796271 
0.005339626	45.026631479 
0.005626296	46.034121894 
0.005918091	46.990862002 
0.006236676	47.963945635 
0.006559969	48.882610608 
0.006913655	49.816261546 
0.007271132	50.691808523 
0.007662929	51.580937711 
0.008056840	52.408274609 
0.008489235	53.247746981 
0.008920943	54.021756534 
0.009395350	54.806419691 
0.009919535	55.602064914 
0.010441114	56.327824955 
0.011018184	57.063037562 
0.011585829	57.724729926 
0.012214181	58.394337154 
0.012914500	59.072088797 
0.013597590	59.671993265 
0.014359265	60.278491175 
0.015086778	60.803731056 
0.015896921	61.334066588 
0.016806710	61.869621347 
0.017657065	62.319996014 
0.018609466	62.774159721 
0.019686878	63.232189312 
0.020920691	63.694161420 
0.022049611	64.066627774 
0.023338749	64.441700268 
0.024833575	64.819409198 
0.026129080	65.104434158 
0.027619130	65.390956935 
0.029364688	65.678970890 
0.031460233	65.968452676 
0.033125443	66.162230752 
0.035088801	66.356607014 
0.037470087	66.551527707 
0.040478483	66.746893336 
0.044530439	66.942498564 
0.047217092	67.040255955 
0.050656568	67.137825429 
0.055395861	67.234930153 
0.062877937	67.330840132 
0.079421140	67.422364550 
0.277974116	67.422364550 
0.294637901	67.613393262 
0.334898623	67.693199932 
0.535084814	67.693199931 
0.592486580	67.964026776 
0.794333034	67.964026776 
0.852220115	68.234844943 
1.055754555	68.234844942 
1.114135214	68.505654285 
1.319386062	68.505654284 
1.585265178	68.776454653 
1.853430492	69.047245895 
2.123921594	69.318027854 
2.396779110	69.588800367 
2.672044741	69.859563271 
2.949761296	70.130316394 
3.229972736	70.401059562 
3.512724214	70.671792598 
3.798062117	70.942515315 
4.086034115	71.213227527 
4.376689206	71.483929038 
4.670077766	71.754619648 
4.966251600	72.025299154 
5.265264000	72.295967342 
5.567169801	72.566623997 
5.872025438	72.837268895 
6.179889013	73.107901806 
6.490820359	73.378522493 
6.825406693	73.840020350 
7.193243668	74.190308734 
7.766484698	74.460878010 
8.167111868	75.001975719 
8.758660707	75.272503573 
9.438077434	75.813515773 
10.132611003	76.354467827 
10.842947908	76.895357024 
11.569822419	77.436180466 
12.314021121	77.976935052 
13.076387997	78.517617454 
13.857830144	79.058224098 
14.659324220	79.598751140 
15.481923733	80.139194432 
16.326767315	80.679549499 
17.195088126	81.219811493 
18.088224611	81.759975160 
19.007632814	82.300034785 
19.965981053	82.936268588 
21.043375407	83.649686384 
22.456764270	84.189328883 
23.637844807	84.998532666 
25.176232749	85.537814362 
26.467081578	86.346428017 
28.154633733	86.885279401 
29.577658919	87.693183463 
31.446277229	88.231512849 
33.031507724	89.038547576 
35.124520371	89.576230560 
36.913495370	90.382175566 
39.291838534	90.919037391 
41.344335961	91.723576548 
44.097560167	92.259360738 
46.317664092	92.983695878 
48.830764660	93.596325532 
51.343102443	94.129878349 
54.073080479	94.662544972 
56.793518572	95.116626376 
59.952278680	95.459501795 
63.583464755	95.989095871 
67.683753949	96.516926606 
72.390718270	97.042493689 
77.912347412	97.565047848 
81.942700246	98.083390571 
88.521965210	98.340383737 
93.004644752	98.595415526 
98.070141242	99.045184377 
104.428019956	99.290440990 
110.886353254	99.472797262 
118.008119321	99.560448283 
132.910776846	99.869254980 
146.321783636	100.034642616 
165.436026818	100.192726523 
196.455185327	100.339038673 
259.694749530	100.465160984 
274.134547150	100.557368542 
483.192251518	100.557367203 
581.724707210	100.557366571 
680.255520713	100.557368271 
778.788067860	100.557368243 
877.319209259	100.557369585 
975.851741493	100.557369557 
1074.382883151	100.557370900 
1172.915415373	100.557370871 
1271.446557031	100.557372214 
1369.979089254	100.557372186 
1468.510230911	100.557373528 
1567.042763134	100.557373500 
1665.573904791	100.557374843 
1764.106437014	100.557374814 
1862.637578671	100.557376157 
1961.170110894	100.557376129 
2059.701252551	100.557377471 
2256.764926431	100.557378785 
2453.828600311	100.557380100 
2650.892274191	100.557381414 
2847.955948071	100.557382728 
3045.019621951	100.557384043 
3242.083295831	100.557385357 
3439.146969711	100.557386671 
3636.210643591	100.557387985 
3833.274317470	100.557389300 
4030.337991350	100.557390614 
4325.934197453	100.557391900 
4621.529012989	100.557394557 
4917.125219091	100.557395843 
5212.720034628	100.557398500 
5508.316240730	100.557399786 
5803.911056266	100.557402443 
6099.507262368	100.557403729 
6493.634610127	100.557406357 
6887.761957886	100.557408986 
7281.889305644	100.557411614 
7676.016653403	100.557414243 
8070.144001161	100.557416871 
8562.802490576	100.557420842 
9055.462370556	100.557423443 
9548.120859970	100.557427414 
10040.780739950	100.557430014 
10631.971761587	100.557433957 
11223.162783223	100.557437900 
11814.353804858	100.557441843 
12405.544826493	100.557445786 
13095.266989784	100.557451071 
13784.990543642	100.557454986 
14474.712706932	100.557460271 
15262.967402444	100.557465528 
16051.222097955	100.557470785 
16938.009325688	100.557476014 
17824.795162854	100.557482614 
18810.113532241	100.557489185 
19795.431901628	100.557495757 
20879.282803236	100.557502300 
21963.132314275	100.557510214 
23145.514357536	100.557518100 
24327.896400796	100.557525985 
25608.810976276	100.557533843 
26889.724161187	100.557543071 
28269.169878319	100.557552271 
29747.148127671	100.557561443 
31323.657518675	100.557571957 
32900.166909677	100.557582471 
34575.207442331	100.557594328 
36348.780507203	100.557606157 
38220.886104295	100.557617957 
40191.522843036	100.557631100 
42260.690723426	100.557645585 
44428.391136034	100.557660042 
46694.624080860	100.557674471 
49059.388167333	100.557690243 
51522.683395453	100.557707357 
54183.043688009	100.557724414 
56941.935122210	100.557742814 
59799.357698056	100.557762557 
62853.845338335	100.557782243 
66006.864120257	100.557803271 
69356.946576040	100.557825614 
72904.092705683	100.557849272 
76549.769976963	100.557874271 
80392.512312673	100.557899215 
84432.316931664	100.557926843 
88669.186615082	100.557954415 
93103.118581778	100.557984672 
97832.646754541	100.558016215 
102759.238601151	100.558049072 
107981.426653823	100.558083215 
113400.676989760	100.558120044 
119115.523531753	100.558158158 
125125.966279799	100.558197559 
131432.003843316	100.558239616 
138033.636222300	100.558284330 
145029.397339542	100.558330303 
152320.753272238	100.558378931 
160006.236552602	100.558430189 
168085.847180625	100.558484075 
176559.585156300	100.558540590 
185427.450479618	100.558599733 
194787.974292205	100.558662848 
204542.626842999	100.558727221 
214789.937883040	100.558795564 
225529.907412315	100.558867879 
236861.069353610	100.558942766 
248783.420925736	100.559022967 
261296.964909852	100.559105740 
274401.698524762	100.559193827 
288196.155693248	100.559285828 
302680.336415290	100.559381744 
317854.239300270	100.559482946 
333816.396880372	100.559589405 
350566.809155566	100.559701122 
368105.476125821	100.559818096 
386530.928932711	100.559941670 
405941.701499006	100.560070445 
426239.259901851	100.560205819 
447620.667815011	100.560349109 
470085.926629032	100.560498942 
493635.036343861	100.560655318 
518366.526710417	100.560820951 
544378.931651441	100.560994443 
571672.251166860	100.561175792 
600345.015007549	100.561367713 
630397.225954655	100.561567464 
661927.413759031	100.561777758 
695034.110952760	100.561998568 
729815.848677283	100.562231235 
766371.160855284	100.562474361 
804700.044705336	100.562730688 
844999.566682299	100.562998788 
887269.724004695	100.563281403 
931707.583127343	100.563577106 
978313.141268714	100.563888639 
