#Timestep	Conc
0.000005217	0.000000000 
0.000010438	0.000000002 
0.000015662	0.000000018 
0.000020890	0.000000062 
0.000026122	0.000000146 
0.000031357	0.000000282 
0.000036596	0.000000484 
0.000041839	0.000000764 
0.000047086	0.000001135 
0.000052336	0.000001610 
0.000057590	0.000002201 
0.000062848	0.000002920 
0.000068110	0.000003782 
0.000073375	0.000004798 
0.000078645	0.000005982 
0.000083917	0.000007345 
0.000089194	0.000008901 
0.000094474	0.000010662 
0.000099759	0.000012641 
0.000105047	0.000014851 
0.000110338	0.000017305 
0.000120933	0.000022993 
0.000131543	0.000029808 
0.000142168	0.000037851 
0.000152809	0.000047225 
0.000163465	0.000058031 
0.000174136	0.000070370 
0.000184822	0.000084345 
0.000195524	0.000100057 
0.000206241	0.000117608 
0.000216973	0.000137100 
0.000233101	0.000170200 
0.000249263	0.000208239 
0.000265461	0.000251562 
0.000281694	0.000300511 
0.000297962	0.000355431 
0.000314265	0.000416665 
0.000330603	0.000484557 
0.000352444	0.000586030 
0.000374347	0.000700766 
0.000396315	0.000829578 
0.000418346	0.000973283 
0.000440442	0.001132695 
0.000462603	0.001308631 
0.000490394	0.001553027 
0.000518288	0.001826108 
0.000546284	0.002129465 
0.000574383	0.002464694 
0.000608239	0.002911283 
0.000642245	0.003408816 
0.000676402	0.003960050 
0.000710711	0.004567741 
0.000750931	0.005351748 
0.000791362	0.006220734 
0.000832004	0.007179080 
0.000878714	0.008389378 
0.000925704	0.009728666 
0.000972978	0.011203493 
0.001026503	0.013032847 
0.001080394	0.015051376 
0.001134653	0.017268424 
0.001195380	0.019976015 
0.001256572	0.022953070 
0.001324427	0.026554396 
0.001392860	0.030514433 
0.001468180	0.035263714 
0.001544205	0.040482547 
0.001627372	0.046692014 
0.001711390	0.053507097 
0.001802839	0.061556303 
0.001895306	0.070376393 
0.001995527	0.080722393 
0.002096958	0.092038096 
0.002206509	0.105226543 
0.002317488	0.119621787 
0.002436999	0.136298969 
0.002565368	0.155579640 
0.002695658	0.176604424 
0.002835319	0.200774390 
0.002977219	0.227064085 
0.003129066	0.257127545 
0.003291310	0.291447182 
0.003456503	0.328708851 
0.003632811	0.371035907 
0.003820789	0.419041141 
0.004012615	0.471046545 
0.004217011	0.529757182 
0.004434663	0.595941779 
0.004657313	0.667469127 
0.004894354	0.747758101 
0.005146644	0.837762645 
0.005405414	0.934793188 
0.005680877	1.043136923 
0.005974117	1.163966716 
0.006275771	1.293911912 
0.006597064	1.438308101 
0.006928167	1.593235865 
0.007281089	1.764817922 
0.007645487	1.948521047 
0.008034269	2.151343989 
0.008436527	2.368069283 
0.008866211	2.606668777 
0.009311792	2.861164606 
0.009788432	3.140607815 
0.010283919	3.438177895 
0.010799371	3.754525885 
0.011352112	4.100491327 
0.011928718	4.467792929 
0.012530740	4.857180430 
0.013159865	5.269418600 
0.013817932	5.705288189 
0.014527113	6.179105355 
0.015271436	6.679655757 
0.016053536	7.207849101 
0.016876318	7.764618205 
0.017742989	8.350920618 
0.018631038	8.950185507 
0.019567553	9.579225823 
0.020556557	10.238998875 
0.021602531	10.930491261 
0.022710480	11.654721103 
0.023851432	12.390604063 
0.025061928	13.159370823 
0.026348457	13.962054358 
0.027676786	14.774578781 
0.029091204	15.621080001 
0.030553076	16.475376426 
0.032112835	17.363617816 
0.033726721	18.257457366 
0.035452415	19.185123887 
0.037240162	20.116047302 
0.039156255	21.080599066 
0.041143887	22.045929025 
0.043203353	23.009609877 
0.045416300	24.005302089 
0.047712209	24.996652573 
0.050185862	26.019574447 
0.052755920	27.035343502 
0.055422128	28.041331250 
0.058302961	29.076890013 
0.061295601	30.099678580 
0.064398563	31.106976111 
0.067760965	32.141616474 
0.071251424	33.157625038 
0.074866233	34.152210030 
0.078794284	35.171706058 
0.082865794	36.166513888 
0.087073162	37.133794790 
0.091656973	38.123377395 
0.096395323	39.082076181 
0.101273944	40.007033190 
0.106600479	40.951534762 
0.112081752	41.858882436 
0.117692393	42.726232012 
0.123826428	43.610256768 
0.130093007	44.450860902 
0.136961322	45.306925003 
0.143959466	46.116130793 
0.151648243	46.939553545 
0.159454333	47.712676165 
0.168050292	48.498749439 
0.176735332	49.231088556 
0.186318236	49.975093105 
0.195937477	50.661950280 
0.206567466	51.359172938 
0.217143775	51.995870411 
0.228841123	52.641622756 
0.240339639	53.223524804 
0.253054233	53.813165022 
0.267201604	54.410871415 
0.280969636	54.940772562 
0.296275364	55.477416425 
0.313412297	56.021124595 
0.329842004	56.493061030 
0.348197753	56.970724143 
0.368870964	57.454419079 
0.388233610	57.862358745 
0.409942969	58.274966325 
0.434497880	58.692511489 
0.456627063	59.030310489 
0.481436615	59.371650726 
0.509498487	59.716739412 
0.541568896	60.065812302 
0.568854185	60.330391753 
0.599530875	60.597489061 
0.634338135	60.867242550 
0.674253188	61.139801727 
0.720594186	61.415324616 
0.775179096	61.693971233 
0.817375987	61.881545464 
0.865379484	62.070610915 
0.920517365	62.261191254 
0.984534367	62.453289804 
1.059756254	62.646879053 
1.149334201	62.841887697 
1.257625102	63.038187023 
1.320626533	63.136762182 
1.390826517	63.235581191 
1.469477127	63.334609363 
1.558149865	63.433809087 
1.658862144	63.533141016 
1.774276259	63.632565488 
1.908024194	63.732043936 
2.065261470	63.831539905 
2.253663975	63.931019056 
2.485351349	64.030447201 
2.780954887	64.129784409 
3.179359474	64.228970008 
3.765498457	64.327880857 
4.773357910	64.426182148 
7.069942248	64.522650631 
13.080362121	64.613956084 
28.297151990	64.694312217 
38.666832498	64.869398873 
40.987652094	64.955976623 
46.505370867	65.047877574 
50.316413763	65.132882624 
53.812768698	65.227209390 
59.763090047	65.309961255 
70.919422241	65.485436032 
85.023110718	65.657985453 
102.924758741	65.826752104 
124.997453627	65.991422099 
151.138369359	66.152205255 
180.908624599	66.309667778 
213.739691827	66.464499747 
249.100269061	66.617335185 
286.580525682	66.768666362 
325.905010053	66.918836857 
366.912939717	67.068067431 
409.527572699	67.216492298 
453.731338620	67.364187089 
499.545449915	67.511191742 
547.018307050	67.657523081 
596.216158675	67.803185317 
647.219680460	67.948173864 
700.119979851	68.092480162 
755.018795892	68.236091901 
812.026638518	68.378995717 
871.264525141	68.521176105 
932.862939512	68.662617408 
996.964338579	68.803302273 
1063.722478940	68.943213438 
1133.305484659	69.082332026 
1205.895436762	69.220639304 
1269.373629464	69.368120170 
1335.252543301	69.513277443 
1411.073635467	69.653201265 
1493.872450691	69.790022337 
1584.472131749	70.610366645 
1696.295081432	70.927755999 
1844.386346263	71.226021366 
2007.594568329	71.520354915 
2177.428740660	71.816499177 
2351.240015987	72.116077022 
2528.062177446	72.419548166 
2707.359438123	72.727056156 
2888.691367511	73.038645929 
3071.624860824	73.354320358 
3255.713640232	73.674055589 
3440.497532621	73.997805632 
3625.508132458	74.325504235 
3810.276702304	74.657066299 
4085.972841799	75.161425091 
4358.617514882	75.673833903 
4626.879179259	76.193821897 
4889.617139490	76.720873639 
5145.915463050	77.254446551 
5476.504370145	77.975064498 
5793.577942126	78.704992597 
6096.997206804	79.442984113 
6457.983130173	80.375046980 
6800.979031268	81.315835949 
7194.076848241	82.453769395 
7574.921444301	83.598995269 
7953.718837889	84.749264812 
8356.102496713	86.000978418 
8829.879891507	87.250077683 
9300.346403688	88.404665999 
9777.086593932	89.463292992 
10306.811943685	90.322387284 
10866.150866418	91.083947221 
11429.989207447	91.749520842 
12123.730864319	92.212411725 
12774.568729040	92.582016764 
13670.426151049	92.946140924 
15033.294482048	93.302335015 
16056.418029202	93.476247795 
17543.002989791	93.646322740 
20053.541716117	93.811215063 
26360.063436480	93.968392593 
47312688.937696554	94.069829725 
