#Timestep	Conc
0.000000050	0.000000000 
0.000000100	0.000000125 
0.000000150	0.000000375 
0.000000200	0.000000750 
0.000000250	0.000001250 
0.000000300	0.000001875 
0.000000350	0.000002624 
0.000000400	0.000003499 
0.000000450	0.000004499 
0.000000500	0.000005623 
0.000000550	0.000006872 
0.000000600	0.000008247 
0.000000650	0.000009746 
0.000000700	0.000011369 
0.000000750	0.000013118 
0.000000800	0.000014991 
0.000000850	0.000016989 
0.000000900	0.000019112 
0.000000950	0.000021360 
0.000001000	0.000023732 
0.000001051	0.000026229 
0.000001101	0.000028851 
0.000001151	0.000031597 
0.000001201	0.000034468 
0.000001251	0.000037464 
0.000001301	0.000040584 
0.000001351	0.000043829 
0.000001401	0.000047199 
0.000001451	0.000050693 
0.000001501	0.000054312 
0.000001551	0.000058055 
0.000001601	0.000061923 
0.000001651	0.000065915 
0.000001701	0.000070032 
0.000001751	0.000074273 
0.000001802	0.000078639 
0.000001852	0.000083129 
0.000001902	0.000087743 
0.000001952	0.000092482 
0.000002002	0.000097346 
0.000002052	0.000102334 
0.000002102	0.000107446 
0.000002152	0.000112682 
0.000002202	0.000118043 
0.000002252	0.000123529 
0.000002303	0.000129138 
0.000002353	0.000134872 
0.000002403	0.000140730 
0.000002453	0.000146713 
0.000002503	0.000152819 
0.000002553	0.000159050 
0.000002603	0.000165405 
0.000002653	0.000171885 
0.000002704	0.000178488 
0.000002754	0.000185216 
0.000002804	0.000192068 
0.000002854	0.000199044 
0.000002904	0.000206144 
0.000002954	0.000213368 
0.000003004	0.000220716 
0.000003055	0.000228189 
0.000003105	0.000235785 
0.000003155	0.000243506 
0.000003205	0.000251350 
0.000003255	0.000259319 
0.000003305	0.000267411 
0.000003356	0.000275628 
0.000003406	0.000283969 
0.000003456	0.000292433 
0.000003506	0.000301021 
0.000003556	0.000309734 
0.000003606	0.000318570 
0.000003657	0.000327530 
0.000003707	0.000336614 
0.000003757	0.000345822 
0.000003807	0.000355154 
0.000003857	0.000364610 
0.000003908	0.000374189 
0.000003958	0.000383892 
0.000004008	0.000393719 
0.000004058	0.000403670 
0.000004108	0.000413745 
0.000004159	0.000423943 
0.000004209	0.000434265 
0.000004259	0.000444711 
0.000004309	0.000455280 
0.000004359	0.000465973 
0.000004410	0.000476790 
0.000004460	0.000487730 
0.000004510	0.000498794 
0.000004560	0.000509982 
0.000004611	0.000521293 
0.000004661	0.000532728 
0.000004711	0.000544286 
0.000004761	0.000555968 
0.000004811	0.000567774 
0.000004862	0.000579703 
0.000004912	0.000591756 
0.000004962	0.000603932 
0.000005012	0.000616231 
0.000005063	0.000628654 
0.000005113	0.000641200 
0.000005163	0.000653870 
0.000005213	0.000666664 
0.000005264	0.000679580 
0.000005314	0.000692620 
0.000005364	0.000705784 
0.000005415	0.000719070 
0.000005465	0.000732481 
0.000005515	0.000746014 
0.000005565	0.000759671 
0.000005616	0.000773451 
0.000005666	0.000787354 
0.000005716	0.000801381 
0.000005766	0.000815531 
0.000005817	0.000829804 
0.000005867	0.000844200 
0.000005917	0.000858719 
0.000005968	0.000873362 
0.000006018	0.000888128 
0.000006068	0.000903017 
0.000006119	0.000918029 
0.000006169	0.000933164 
0.000006219	0.000948423 
0.000006269	0.000963804 
0.000006320	0.000979308 
0.000006370	0.000994936 
0.000006420	0.001010687 
0.000006471	0.001026560 
0.000006521	0.001042557 
0.000006571	0.001058677 
0.000006622	0.001074919 
0.000006672	0.001091285 
0.000006722	0.001107774 
0.000006773	0.001124385 
0.000006823	0.001141120 
0.000006873	0.001157977 
0.000006924	0.001174957 
0.000006974	0.001192060 
0.000007024	0.001209286 
0.000007075	0.001226635 
0.000007125	0.001244107 
0.000007176	0.001261701 
0.000007226	0.001279419 
0.000007276	0.001297259 
0.000007327	0.001315221 
0.000007377	0.001333307 
0.000007427	0.001351515 
0.000007478	0.001369846 
0.000007528	0.001388300 
0.000007578	0.001406877 
0.000007629	0.001425576 
0.000007679	0.001444398 
0.000007730	0.001463342 
0.000007780	0.001482409 
0.000007830	0.001501599 
0.000007881	0.001520911 
0.000007931	0.001540346 
0.000007982	0.001559903 
0.000008032	0.001579583 
0.000008082	0.001599386 
0.000008133	0.001619311 
0.000008183	0.001639359 
0.000008234	0.001659529 
0.000008284	0.001679821 
0.000008334	0.001700236 
0.000008385	0.001720774 
0.000008435	0.001741434 
0.000008486	0.001762216 
0.000008536	0.001783121 
0.000008587	0.001804148 
0.000008637	0.001825297 
0.000008687	0.001846569 
0.000008738	0.001867963 
0.000008788	0.001889480 
0.000008839	0.001911119 
0.000008889	0.001932880 
0.000008940	0.001954763 
0.000008990	0.001976769 
0.000009041	0.001998897 
0.000009091	0.002021147 
0.000009141	0.002043519 
0.000009192	0.002066014 
0.000009242	0.002088630 
0.000009293	0.002111369 
0.000009343	0.002134230 
0.000009394	0.002157214 
0.000009444	0.002180319 
0.000009495	0.002203546 
0.000009545	0.002226896 
0.000009596	0.002250368 
0.000009646	0.002273961 
0.000009697	0.002297677 
0.000009747	0.002321515 
0.000009798	0.002345475 
0.000009848	0.002369556 
0.000009899	0.002393760 
0.000009949	0.002418086 
0.000010000	0.002442534 
0.000010050	0.002467103 
0.000010101	0.002491795 
0.000010151	0.002516609 
0.000010202	0.002541544 
0.000010252	0.002566601 
0.000010303	0.002591780 
0.000010353	0.002617081 
0.000010404	0.002642504 
0.000010454	0.002668049 
0.000010505	0.002693715 
0.000010555	0.002719504 
0.000010606	0.002745414 
0.000010656	0.002771446 
0.000010707	0.002797599 
0.000010757	0.002823874 
0.000010808	0.002850271 
0.000010859	0.002876790 
0.000010909	0.002903431 
0.000010960	0.002930193 
0.000011010	0.002957076 
0.000011061	0.002984082 
0.000011111	0.003011209 
0.000011162	0.003038457 
0.000011212	0.003065827 
0.000011263	0.003093319 
0.000011314	0.003120933 
0.000011364	0.003148667 
0.000011415	0.003176524 
0.000011465	0.003204502 
0.000011516	0.003232601 
0.000011566	0.003260822 
0.000011617	0.003289164 
0.000011668	0.003317628 
0.000011718	0.003346214 
0.000011769	0.003374920 
0.000011819	0.003403748 
0.000011870	0.003432698 
0.000011921	0.003461769 
0.000011971	0.003490961 
0.000012022	0.003520275 
0.000012072	0.003549710 
0.000012123	0.003579266 
0.000012174	0.003608943 
0.000012224	0.003638742 
0.000012275	0.003668662 
0.000012325	0.003698704 
0.000012376	0.003728867 
0.000012427	0.003759150 
0.000012477	0.003789555 
0.000012528	0.003820082 
0.000012579	0.003850729 
0.000012629	0.003881498 
0.000012680	0.003912388 
0.000012730	0.003943399 
0.000012781	0.003974531 
0.000012832	0.004005784 
0.000012882	0.004037158 
0.000012933	0.004068653 
0.000012984	0.004100270 
0.000013034	0.004132007 
0.000013085	0.004163866 
0.000013136	0.004195845 
0.000013186	0.004227946 
0.000013237	0.004260167 
0.000013288	0.004292510 
0.000013338	0.004324973 
0.000013389	0.004357557 
0.000013440	0.004390263 
0.000013490	0.004423089 
0.000013541	0.004456036 
0.000013592	0.004489104 
0.000013642	0.004522293 
0.000013693	0.004555602 
0.000013744	0.004589033 
0.000013794	0.004622584 
0.000013845	0.004656256 
0.000013896	0.004690049 
0.000013947	0.004723963 
0.000013997	0.004757998 
0.000014048	0.004792153 
0.000014099	0.004826429 
0.000014149	0.004860825 
0.000014200	0.004895343 
0.000014251	0.004929981 
0.000014302	0.004964740 
0.000014352	0.004999619 
0.000014403	0.005034619 
0.000014454	0.005069740 
0.000014504	0.005104981 
0.000014555	0.005140343 
0.000014606	0.005175825 
0.000014657	0.005211428 
0.000014707	0.005247152 
0.000014758	0.005282996 
0.000014809	0.005318960 
0.000014860	0.005355045 
0.000014910	0.005391251 
0.000014961	0.005427577 
0.000015012	0.005464024 
0.000015063	0.005500591 
0.000015113	0.005537278 
0.000015164	0.005574086 
0.000015215	0.005611014 
0.000015266	0.005648063 
0.000015316	0.005685231 
0.000015367	0.005722521 
0.000015418	0.005759930 
0.000015469	0.005797460 
0.000015520	0.005835111 
0.000015570	0.005872881 
0.000015621	0.005910772 
0.000015672	0.005948783 
0.000015723	0.005986915 
0.000015774	0.006025166 
0.000015824	0.006063538 
0.000015875	0.006102030 
0.000015926	0.006140642 
0.000015977	0.006179375 
0.000016028	0.006218227 
0.000016078	0.006257200 
0.000016129	0.006296293 
0.000016180	0.006335505 
0.000016231	0.006374839 
0.000016282	0.006414292 
0.000016332	0.006453865 
0.000016383	0.006493558 
0.000016434	0.006533371 
0.000016485	0.006573305 
0.000016536	0.006613358 
0.000016587	0.006653531 
0.000016637	0.006693824 
0.000016688	0.006734238 
0.000016739	0.006774771 
0.000016790	0.006815424 
0.000016841	0.006856197 
0.000016892	0.006897090 
0.000016942	0.006938103 
0.000016993	0.006979235 
0.000017044	0.007020488 
0.000017095	0.007061860 
0.000017146	0.007103352 
0.000017197	0.007144964 
0.000017248	0.007186696 
0.000017299	0.007228548 
0.000017349	0.007270519 
0.000017400	0.007312610 
0.000017451	0.007354821 
0.000017502	0.007397152 
0.000017553	0.007439602 
0.000017604	0.007482172 
0.000017655	0.007524862 
0.000017706	0.007567671 
0.000017756	0.007610600 
0.000017807	0.007653649 
0.000017858	0.007696817 
0.000017909	0.007740105 
0.000017960	0.007783512 
0.000018011	0.007827039 
0.000018062	0.007870686 
0.000018113	0.007914452 
0.000018164	0.007958337 
0.000018215	0.008002342 
0.000018266	0.008046467 
0.000018317	0.008090711 
0.000018367	0.008135075 
0.000018418	0.008179558 
0.000018469	0.008224160 
0.000018520	0.008268882 
0.000018571	0.008313723 
0.000018622	0.008358684 
0.000018673	0.008403764 
0.000018724	0.008448964 
0.000018775	0.008494283 
0.000018826	0.008539721 
0.000018877	0.008585278 
0.000018928	0.008630955 
0.000018979	0.008676751 
0.000019030	0.008722666 
0.000019081	0.008768701 
0.000019132	0.008814855 
0.000019183	0.008861128 
0.000019234	0.008907520 
0.000019285	0.008954031 
0.000019336	0.009000662 
0.000019387	0.009047412 
0.000019437	0.009094281 
0.000019488	0.009141269 
0.000019539	0.009188376 
0.000019590	0.009235603 
0.000019641	0.009282948 
0.000019692	0.009330413 
0.000019743	0.009377996 
0.000019794	0.009425699 
0.000019845	0.009473520 
0.000019896	0.009521461 
0.000019947	0.009569521 
0.000019998	0.009617700 
0.000020049	0.009665997 
0.000020100	0.009714414 
0.000020152	0.009762950 
0.000020203	0.009811604 
0.000020254	0.009860377 
0.000020305	0.009909270 
0.000020356	0.009958281 
0.000020407	0.010007411 
0.000020458	0.010056660 
0.000020509	0.010106028 
0.000020560	0.010155515 
0.000020611	0.010205120 
0.000020662	0.010254844 
0.000020713	0.010304687 
0.000020764	0.010354649 
0.000020815	0.010404730 
0.000020866	0.010454929 
0.000020917	0.010505247 
0.000020968	0.010555684 
0.000021019	0.010606239 
0.000021070	0.010656913 
0.000021121	0.010707706 
0.000021172	0.010758617 
0.000021223	0.010809647 
0.000021275	0.010860796 
0.000021326	0.010912063 
0.000021377	0.010963449 
0.000021428	0.011014954 
0.000021479	0.011066576 
0.000021530	0.011118318 
0.000021581	0.011170178 
0.000021632	0.011222157 
0.000021683	0.011274254 
0.000021734	0.011326469 
0.000021785	0.011378803 
0.000021837	0.011431256 
0.000021888	0.011483827 
0.000021939	0.011536516 
0.000021990	0.011589324 
0.000022041	0.011642250 
0.000022092	0.011695295 
0.000022143	0.011748458 
0.000022194	0.011801739 
0.000022245	0.011855139 
0.000022297	0.011908657 
0.000022348	0.011962293 
0.000022399	0.012016047 
0.000022450	0.012069920 
0.000022501	0.012123911 
0.000022552	0.012178021 
0.000022603	0.012232248 
0.000022655	0.012286594 
0.000022706	0.012341058 
0.000022757	0.012395640 
0.000022808	0.012450341 
0.000022859	0.012505159 
0.000022910	0.012560096 
0.000022962	0.012615151 
0.000023013	0.012670323 
0.000023064	0.012725615 
0.000023115	0.012781024 
0.000023166	0.012836551 
0.000023217	0.012892196 
0.000023269	0.012947959 
0.000023320	0.013003841 
0.000023371	0.013059840 
0.000023422	0.013115957 
0.000023473	0.013172193 
0.000023524	0.013228546 
0.000023576	0.013285017 
0.000023627	0.013341606 
0.000023678	0.013398313 
0.000023729	0.013455138 
0.000023780	0.013512081 
0.000023832	0.013569142 
0.000023883	0.013626321 
0.000023934	0.013683617 
0.000023985	0.013741032 
0.000024037	0.013798564 
0.000024088	0.013856214 
0.000024139	0.013913981 
0.000024190	0.013971867 
0.000024241	0.014029870 
0.000024293	0.014087991 
0.000024344	0.014146230 
0.000024395	0.014204587 
0.000024446	0.014263061 
0.000024498	0.014321653 
0.000024549	0.014380362 
0.000024600	0.014439189 
0.000024651	0.014498134 
0.000024703	0.014557197 
0.000024754	0.014616377 
0.000024805	0.014675675 
0.000024856	0.014735090 
0.000024908	0.014794623 
0.000024959	0.014854273 
0.000025010	0.014914041 
0.000025061	0.014973927 
0.000025113	0.015033930 
0.000025164	0.015094050 
0.000025215	0.015154288 
0.000025267	0.015214644 
0.000025318	0.015275117 
0.000025369	0.015335707 
0.000025420	0.015396415 
0.000025472	0.015457240 
0.000025523	0.015518182 
0.000025574	0.015579242 
0.000025626	0.015640420 
0.000025677	0.015701714 
0.000025728	0.015763126 
0.000025779	0.015824656 
0.000025831	0.015886302 
0.000025882	0.015948066 
0.000025933	0.016009947 
0.000025985	0.016071946 
0.000026036	0.016134062 
0.000026087	0.016196295 
0.000026139	0.016258645 
0.000026190	0.016321112 
0.000026241	0.016383697 
0.000026293	0.016446398 
0.000026344	0.016509217 
0.000026395	0.016572153 
0.000026447	0.016635207 
0.000026498	0.016698377 
0.000026549	0.016761664 
0.000026601	0.016825069 
0.000026652	0.016888590 
0.000026703	0.016952229 
0.000026755	0.017015985 
0.000026806	0.017079857 
0.000026858	0.017143847 
0.000026909	0.017207954 
0.000026960	0.017272177 
0.000027012	0.017336518 
0.000027063	0.017400976 
0.000027114	0.017465550 
0.000027166	0.017530242 
0.000027217	0.017595050 
0.000027269	0.017659975 
0.000027320	0.017725017 
0.000027371	0.017790176 
0.000027423	0.017855452 
0.000027474	0.017920845 
0.000027525	0.017986354 
0.000027577	0.018051981 
0.000027628	0.018117724 
0.000027680	0.018183584 
0.000027731	0.018249561 
0.000027783	0.018315654 
0.000027834	0.018381864 
0.000027885	0.018448191 
0.000027937	0.018514635 
0.000027988	0.018581195 
0.000028040	0.018647872 
0.000028091	0.018714666 
0.000028142	0.018781576 
0.000028194	0.018848603 
0.000028245	0.018915746 
0.000028297	0.018983006 
0.000028348	0.019050383 
0.000028400	0.019117876 
0.000028451	0.019185486 
0.000028503	0.019253213 
0.000028554	0.019321056 
0.000028605	0.019389015 
0.000028657	0.019457091 
0.000028708	0.019525283 
0.000028760	0.019593592 
0.000028811	0.019662018 
0.000028863	0.019730560 
0.000028914	0.019799218 
0.000028966	0.019867992 
0.000029017	0.019936883 
0.000029069	0.020005891 
0.000029120	0.020075015 
0.000029172	0.020144255 
0.000029223	0.020213611 
0.000029275	0.020283084 
0.000029326	0.020352673 
0.000029378	0.020422379 
0.000029429	0.020492201 
0.000029481	0.020562139 
0.000029532	0.020632193 
0.000029584	0.020702363 
0.000029635	0.020772650 
0.000029687	0.020843053 
0.000029738	0.020913572 
0.000029790	0.020984208 
0.000029841	0.021054959 
0.000029893	0.021125827 
0.000029944	0.021196810 
0.000029996	0.021267910 
0.000030047	0.021339126 
0.000030099	0.021410458 
0.000030150	0.021481907 
0.000030202	0.021553471 
0.000030253	0.021625151 
0.000030305	0.021696947 
0.000030356	0.021768860 
0.000030408	0.021840888 
0.000030460	0.021913033 
0.000030511	0.021985293 
0.000030563	0.022057669 
0.000030614	0.022130161 
0.000030666	0.022202770 
0.000030717	0.022275494 
0.000030769	0.022348334 
0.000030820	0.022421290 
0.000030872	0.022494361 
0.000030924	0.022567549 
0.000030975	0.022640853 
0.000031027	0.022714272 
0.000031078	0.022787807 
0.000031130	0.022861458 
0.000031181	0.022935225 
0.000031233	0.023009107 
0.000031285	0.023083106 
0.000031336	0.023157220 
0.000031388	0.023231449 
0.000031439	0.023305795 
0.000031491	0.023380256 
0.000031543	0.023454833 
0.000031594	0.023529525 
0.000031646	0.023604334 
0.000031698	0.023679257 
0.000031749	0.023754297 
0.000031801	0.023829452 
0.000031852	0.023904723 
0.000031904	0.023980109 
0.000031956	0.024055611 
0.000032007	0.024131228 
0.000032059	0.024206961 
0.000032111	0.024282810 
0.000032162	0.024358774 
0.000032214	0.024434853 
0.000032265	0.024511048 
0.000032317	0.024587359 
0.000032369	0.024663784 
0.000032420	0.024740326 
0.000032472	0.024816983 
0.000032524	0.024893755 
0.000032575	0.024970642 
0.000032627	0.025047645 
0.000032679	0.025124764 
0.000032730	0.025201997 
0.000032782	0.025279346 
0.000032834	0.025356811 
0.000032885	0.025434390 
0.000032937	0.025512085 
0.000032989	0.025589896 
0.000033040	0.025667821 
0.000033092	0.025745862 
0.000033144	0.025824018 
0.000033195	0.025902289 
0.000033247	0.025980676 
0.000033299	0.026059177 
0.000033351	0.026137794 
0.000033402	0.026216526 
0.000033454	0.026295374 
0.000033506	0.026374336 
0.000033557	0.026453413 
0.000033609	0.026532606 
0.000033661	0.026611913 
0.000033713	0.026691336 
0.000033764	0.026770874 
0.000033816	0.026850527 
0.000033868	0.026930295 
0.000033919	0.027010178 
0.000033971	0.027090176 
0.000034023	0.027170288 
0.000034075	0.027250516 
0.000034126	0.027330859 
0.000034178	0.027411317 
0.000034230	0.027491890 
0.000034282	0.027572578 
0.000034333	0.027653380 
0.000034385	0.027734298 
0.000034437	0.027815330 
0.000034489	0.027896477 
0.000034540	0.027977739 
0.000034592	0.028059116 
0.000034644	0.028140608 
0.000034696	0.028222214 
0.000034747	0.028303936 
0.000034799	0.028385772 
0.000034851	0.028467723 
0.000034903	0.028549788 
0.000034955	0.028631969 
0.000035006	0.028714264 
0.000035058	0.028796674 
0.000035110	0.028879198 
0.000035162	0.028961837 
0.000035214	0.029044591 
0.000035265	0.029127460 
0.000035317	0.029210443 
0.000035369	0.029293541 
0.000035421	0.029376753 
0.000035473	0.029460080 
0.000035524	0.029543521 
0.000035576	0.029627078 
0.000035628	0.029710748 
0.000035680	0.029794533 
0.000035732	0.029878433 
0.000035783	0.029962447 
0.000035835	0.030046576 
0.000035887	0.030130819 
0.000035939	0.030215177 
0.000035991	0.030299649 
0.000036043	0.030384235 
0.000036094	0.030468936 
0.000036146	0.030553752 
0.000036198	0.030638682 
0.000036250	0.030723726 
0.000036302	0.030808884 
0.000036354	0.030894157 
0.000036406	0.030979544 
0.000036457	0.031065046 
0.000036509	0.031150661 
0.000036561	0.031236392 
0.000036613	0.031322236 
0.000036665	0.031408195 
0.000036717	0.031494267 
0.000036769	0.031580455 
0.000036821	0.031666756 
0.000036872	0.031753171 
0.000036924	0.031839701 
0.000036976	0.031926345 
0.000037028	0.032013103 
0.000037080	0.032099975 
0.000037132	0.032186962 
0.000037184	0.032274062 
0.000037236	0.032361277 
0.000037288	0.032448606 
0.000037340	0.032536048 
0.000037391	0.032623605 
0.000037443	0.032711276 
0.000037495	0.032799061 
0.000037547	0.032886960 
0.000037599	0.032974973 
0.000037651	0.033063100 
0.000037703	0.033151341 
0.000037755	0.033239696 
0.000037807	0.033328164 
0.000037859	0.033416747 
0.000037911	0.033505444 
0.000037963	0.033594254 
0.000038015	0.033683179 
0.000038067	0.033772217 
0.000038118	0.033861369 
0.000038170	0.033950635 
0.000038222	0.034040015 
0.000038274	0.034129509 
0.000038326	0.034219117 
0.000038378	0.034308838 
0.000038430	0.034398673 
0.000038482	0.034488622 
0.000038534	0.034578685 
0.000038586	0.034668861 
0.000038638	0.034759151 
0.000038690	0.034849555 
0.000038742	0.034940072 
0.000038794	0.035030703 
0.000038846	0.035121448 
0.000038898	0.035212307 
0.000038950	0.035303279 
0.000039002	0.035394364 
0.000039054	0.035485564 
0.000039106	0.035576877 
0.000039158	0.035668303 
0.000039210	0.035759843 
0.000039262	0.035851497 
0.000039314	0.035943264 
0.000039366	0.036035145 
0.000039418	0.036127139 
0.000039470	0.036219247 
0.000039522	0.036311468 
0.000039574	0.036403802 
0.000039626	0.036496250 
0.000039678	0.036588812 
0.000039730	0.036681487 
0.000039782	0.036774275 
0.000039834	0.036867177 
0.000039886	0.036960192 
0.000039938	0.037053320 
0.000039990	0.037146562 
0.000040042	0.037239917 
0.000040095	0.037333386 
0.000040147	0.037426968 
0.000040199	0.037520663 
0.000040251	0.037614471 
0.000040303	0.037708393 
0.000040355	0.037802428 
0.000040407	0.037896576 
0.000040459	0.037990837 
0.000040511	0.038085212 
0.000040563	0.038179699 
0.000040615	0.038274300 
0.000040667	0.038369014 
0.000040719	0.038463842 
0.000040771	0.038558782 
0.000040824	0.038653836 
0.000040876	0.038749002 
0.000040928	0.038844282 
0.000040980	0.038939675 
0.000041032	0.039035181 
0.000041084	0.039130800 
0.000041136	0.039226532 
0.000041188	0.039322377 
0.000041240	0.039418335 
0.000041292	0.039514406 
0.000041345	0.039610589 
0.000041397	0.039706886 
0.000041449	0.039803296 
0.000041501	0.039899819 
0.000041553	0.039996455 
0.000041605	0.040093204 
0.000041657	0.040190065 
0.000041709	0.040287040 
0.000041762	0.040384127 
0.000041814	0.040481327 
0.000041866	0.040578640 
0.000041918	0.040676066 
0.000041970	0.040773605 
0.000042022	0.040871256 
0.000042075	0.040969021 
0.000042127	0.041066898 
0.000042179	0.041164887 
0.000042231	0.041262990 
0.000042283	0.041361205 
0.000042335	0.041459533 
0.000042388	0.041557974 
0.000042440	0.041656527 
0.000042492	0.041755193 
0.000042544	0.041853972 
0.000042596	0.041952863 
0.000042648	0.042051867 
0.000042701	0.042150984 
0.000042753	0.042250213 
0.000042805	0.042349555 
0.000042857	0.042449009 
0.000042909	0.042548576 
0.000042962	0.042648255 
0.000043014	0.042748047 
0.000043066	0.042847952 
0.000043118	0.042947969 
0.000043170	0.043048098 
0.000043223	0.043148340 
0.000043275	0.043248695 
0.000043327	0.043349161 
0.000043379	0.043449741 
0.000043432	0.043550432 
0.000043484	0.043651236 
0.000043536	0.043752153 
0.000043588	0.043853182 
0.000043640	0.043954323 
0.000043693	0.044055577 
0.000043745	0.044156943 
0.000043797	0.044258421 
0.000043849	0.044360011 
0.000043902	0.044461714 
0.000043954	0.044563529 
0.000044006	0.044665457 
0.000044058	0.044767496 
0.000044111	0.044869648 
0.000044163	0.044971912 
0.000044215	0.045074289 
0.000044268	0.045176777 
0.000044320	0.045279378 
0.000044372	0.045382091 
0.000044424	0.045484915 
0.000044477	0.045587853 
0.000044529	0.045690902 
0.000044581	0.045794063 
0.000044634	0.045897337 
0.000044686	0.046000722 
0.000044738	0.046104220 
0.000044790	0.046207829 
0.000044843	0.046311551 
0.000044895	0.046415385 
0.000044947	0.046519330 
0.000045000	0.046623388 
0.000045052	0.046727558 
0.000045104	0.046831839 
0.000045157	0.046936233 
0.000045209	0.047040739 
0.000045261	0.047145356 
0.000045314	0.047250085 
0.000045366	0.047354927 
0.000045418	0.047459880 
0.000045471	0.047564945 
0.000045523	0.047670122 
0.000045575	0.047775411 
0.000045628	0.047880811 
0.000045680	0.047986324 
0.000045732	0.048091948 
0.000045785	0.048197684 
0.000045837	0.048303531 
0.000045889	0.048409491 
0.000045942	0.048515562 
0.000045994	0.048621745 
0.000046046	0.048728040 
0.000046099	0.048834446 
0.000046151	0.048940964 
0.000046204	0.049047594 
0.000046256	0.049154335 
0.000046308	0.049261188 
0.000046361	0.049368153 
0.000046413	0.049475229 
0.000046465	0.049582417 
0.000046518	0.049689717 
0.000046570	0.049797128 
0.000046623	0.049904651 
0.000046675	0.050012285 
0.000046727	0.050120030 
0.000046780	0.050227888 
0.000046832	0.050335856 
0.000046885	0.050443937 
0.000046937	0.050552128 
0.000046989	0.050660432 
0.000047042	0.050768846 
0.000047094	0.050877372 
0.000047147	0.050986010 
0.000047199	0.051094759 
0.000047252	0.051203619 
0.000047304	0.051312591 
0.000047356	0.051421674 
0.000047409	0.051530868 
0.000047461	0.051640174 
0.000047514	0.051749591 
0.000047566	0.051859119 
0.000047619	0.051968759 
0.000047671	0.052078510 
0.000047724	0.052188372 
0.000047776	0.052298345 
0.000047829	0.052408430 
0.000047881	0.052518626 
0.000047933	0.052628933 
0.000047986	0.052739351 
0.000048038	0.052849881 
0.000048091	0.052960522 
0.000048143	0.053071274 
0.000048196	0.053182137 
0.000048248	0.053293111 
0.000048301	0.053404196 
0.000048353	0.053515392 
0.000048406	0.053626700 
0.000048458	0.053738118 
0.000048511	0.053849648 
0.000048563	0.053961288 
0.000048616	0.054073040 
0.000048668	0.054184903 
0.000048721	0.054296876 
0.000048773	0.054408961 
0.000048826	0.054521157 
0.000048878	0.054633463 
0.000048931	0.054745881 
0.000048983	0.054858409 
0.000049036	0.054971049 
0.000049088	0.055083799 
0.000049141	0.055196660 
0.000049193	0.055309632 
0.000049246	0.055422715 
0.000049299	0.055535909 
0.000049351	0.055649213 
0.000049404	0.055762629 
0.000049456	0.055876155 
0.000049509	0.055989792 
0.000049561	0.056103540 
0.000049614	0.056217399 
0.000049666	0.056331368 
0.000049719	0.056445448 
0.000049771	0.056559639 
0.000049824	0.056673940 
0.000049877	0.056788353 
0.000049929	0.056902876 
0.000049982	0.057017509 
0.000050034	0.057132253 
0.000050087	0.057247108 
0.000050139	0.057362074 
0.000050192	0.057477150 
0.000050245	0.057592337 
0.000050297	0.057707634 
0.000050350	0.057823042 
0.000050402	0.057938560 
0.000050455	0.058054189 
0.000050508	0.058169929 
0.000050560	0.058285779 
0.000050613	0.058401739 
0.000050665	0.058517810 
0.000050718	0.058633992 
0.000050771	0.058750284 
0.000050823	0.058866686 
0.000050876	0.058983199 
0.000050929	0.059099822 
0.000050981	0.059216556 
0.000051034	0.059333400 
0.000051086	0.059450355 
0.000051139	0.059567419 
0.000051192	0.059684595 
0.000051244	0.059801880 
0.000051297	0.059919276 
0.000051350	0.060036782 
0.000051402	0.060154399 
0.000051455	0.060272125 
0.000051508	0.060389962 
0.000051560	0.060507909 
0.000051613	0.060625967 
0.000051666	0.060744135 
0.000051718	0.060862413 
0.000051771	0.060980801 
0.000051824	0.061099299 
0.000051876	0.061217908 
0.000051929	0.061336626 
0.000051982	0.061455455 
0.000052034	0.061574394 
0.000052087	0.061693443 
0.000052140	0.061812602 
0.000052192	0.061931871 
0.000052245	0.062051251 
0.000052298	0.062170740 
0.000052350	0.062290339 
0.000052403	0.062410049 
0.000052456	0.062529868 
0.000052509	0.062649798 
0.000052561	0.062769837 
0.000052614	0.062889987 
0.000052667	0.063010246 
0.000052719	0.063130615 
0.000052772	0.063251095 
0.000052825	0.063371684 
0.000052878	0.063492383 
0.000052930	0.063613192 
0.000052983	0.063734111 
0.000053036	0.063855140 
0.000053089	0.063976278 
0.000053141	0.064097527 
0.000053194	0.064218885 
0.000053247	0.064340353 
0.000053300	0.064461931 
0.000053352	0.064583619 
0.000053405	0.064705416 
0.000053458	0.064827323 
0.000053511	0.064949340 
0.000053563	0.065071467 
0.000053616	0.065193703 
0.000053669	0.065316050 
0.000053722	0.065438505 
0.000053774	0.065561071 
0.000053827	0.065683746 
0.000053880	0.065806531 
0.000053933	0.065929425 
0.000053986	0.066052429 
0.000054038	0.066175543 
0.000054091	0.066298766 
0.000054144	0.066422099 
0.000054197	0.066545541 
0.000054250	0.066669093 
0.000054302	0.066792755 
0.000054355	0.066916526 
0.000054408	0.067040406 
0.000054461	0.067164396 
0.000054514	0.067288496 
0.000054566	0.067412705 
0.000054619	0.067537023 
0.000054672	0.067661451 
0.000054725	0.067785988 
0.000054778	0.067910635 
0.000054831	0.068035391 
0.000054883	0.068160257 
0.000054936	0.068285231 
0.000054989	0.068410316 
0.000055042	0.068535509 
0.000055095	0.068660812 
0.000055148	0.068786224 
0.000055200	0.068911746 
0.000055253	0.069037377 
0.000055306	0.069163117 
0.000055359	0.069288966 
0.000055412	0.069414925 
0.000055465	0.069540992 
0.000055518	0.069667169 
0.000055570	0.069793456 
0.000055623	0.069919851 
0.000055676	0.070046356 
0.000055729	0.070172970 
0.000055782	0.070299693 
0.000055835	0.070426525 
0.000055888	0.070553466 
0.000055941	0.070680516 
0.000055994	0.070807676 
0.000056046	0.070934944 
0.000056099	0.071062322 
0.000056152	0.071189808 
0.000056205	0.071317404 
0.000056258	0.071445109 
0.000056311	0.071572923 
0.000056364	0.071700845 
0.000056417	0.071828877 
0.000056470	0.071957018 
0.000056523	0.072085267 
0.000056576	0.072213626 
0.000056629	0.072342094 
0.000056681	0.072470670 
0.000056734	0.072599356 
0.000056787	0.072728150 
0.000056840	0.072857053 
0.000056893	0.072986065 
0.000056946	0.073115186 
0.000056999	0.073244416 
0.000057052	0.073373754 
0.000057105	0.073503201 
0.000057158	0.073632758 
0.000057211	0.073762423 
0.000057264	0.073892196 
0.000057317	0.074022079 
0.000057370	0.074152070 
0.000057423	0.074282170 
0.000057476	0.074412379 
0.000057529	0.074542696 
0.000057582	0.074673122 
0.000057635	0.074803657 
0.000057688	0.074934300 
0.000057741	0.075065052 
0.000057794	0.075195913 
0.000057847	0.075326882 
0.000057900	0.075457960 
0.000057953	0.075589146 
0.000058006	0.075720441 
0.000058059	0.075851845 
0.000058112	0.075983357 
0.000058165	0.076114978 
0.000058218	0.076246707 
0.000058271	0.076378545 
0.000058324	0.076510491 
0.000058377	0.076642546 
0.000058430	0.076774709 
0.000058483	0.076906981 
0.000058536	0.077039361 
0.000058589	0.077171850 
0.000058642	0.077304446 
0.000058695	0.077437152 
0.000058748	0.077569966 
0.000058801	0.077702888 
0.000058854	0.077835918 
0.000058907	0.077969057 
0.000058960	0.078102304 
0.000059013	0.078235660 
0.000059066	0.078369124 
0.000059119	0.078502696 
0.000059172	0.078636376 
0.000059225	0.078770165 
0.000059279	0.078904062 
0.000059332	0.079038067 
0.000059385	0.079172180 
0.000059438	0.079306402 
0.000059491	0.079440731 
0.000059544	0.079575169 
0.000059597	0.079709715 
0.000059650	0.079844370 
0.000059703	0.079979132 
0.000059756	0.080114003 
0.000059809	0.080248981 
0.000059862	0.080384068 
0.000059916	0.080519263 
0.000059969	0.080654566 
0.000060022	0.080789977 
0.000060075	0.080925496 
0.000060128	0.081061123 
0.000060181	0.081196858 
0.000060234	0.081332701 
0.000060287	0.081468653 
0.000060341	0.081604712 
0.000060394	0.081740879 
0.000060447	0.081877154 
0.000060500	0.082013537 
0.000060553	0.082150028 
0.000060606	0.082286626 
0.000060659	0.082423333 
0.000060712	0.082560148 
0.000060766	0.082697070 
0.000060819	0.082834100 
0.000060872	0.082971239 
0.000060925	0.083108485 
0.000060978	0.083245838 
0.000061031	0.083383300 
0.000061085	0.083520870 
0.000061138	0.083658547 
0.000061191	0.083796332 
0.000061244	0.083934224 
0.000061297	0.084072225 
0.000061350	0.084210333 
0.000061404	0.084348549 
0.000061457	0.084486873 
0.000061510	0.084625304 
0.000061563	0.084763843 
0.000061616	0.084902489 
0.000061670	0.085041244 
0.000061723	0.085180105 
0.000061776	0.085319075 
0.000061829	0.085458152 
0.000061882	0.085597337 
0.000061936	0.085736629 
0.000061989	0.085876029 
0.000062042	0.086015536 
0.000062095	0.086155151 
0.000062149	0.086294873 
0.000062202	0.086434703 
0.000062255	0.086574641 
0.000062308	0.086714686 
0.000062361	0.086854838 
0.000062415	0.086995098 
0.000062468	0.087135465 
0.000062521	0.087275940 
0.000062574	0.087416522 
0.000062628	0.087557211 
0.000062681	0.087698008 
0.000062734	0.087838913 
0.000062787	0.087979924 
0.000062841	0.088121043 
0.000062894	0.088262270 
0.000062947	0.088403603 
0.000063001	0.088545044 
0.000063054	0.088686592 
0.000063107	0.088828248 
0.000063160	0.088970011 
0.000063214	0.089111881 
0.000063267	0.089253858 
0.000063320	0.089395942 
0.000063373	0.089538134 
0.000063427	0.089680433 
0.000063480	0.089822839 
0.000063533	0.089965352 
0.000063587	0.090107973 
0.000063640	0.090250700 
0.000063693	0.090393535 
0.000063747	0.090536477 
0.000063800	0.090679525 
0.000063853	0.090822681 
0.000063907	0.090965945 
0.000063960	0.091109315 
0.000064013	0.091252792 
0.000064067	0.091396376 
0.000064120	0.091540067 
0.000064173	0.091683866 
0.000064227	0.091827771 
0.000064280	0.091971783 
0.000064333	0.092115902 
0.000064387	0.092260128 
0.000064440	0.092404461 
0.000064493	0.092548901 
0.000064547	0.092693448 
0.000064600	0.092838102 
0.000064653	0.092982863 
0.000064707	0.093127731 
0.000064760	0.093272705 
0.000064813	0.093417786 
0.000064867	0.093562974 
0.000064920	0.093708269 
0.000064974	0.093853671 
0.000065027	0.093999180 
0.000065080	0.094144795 
0.000065134	0.094290517 
0.000065187	0.094436346 
0.000065240	0.094582282 
0.000065294	0.094728324 
0.000065347	0.094874473 
0.000065401	0.095020729 
0.000065454	0.095167091 
0.000065507	0.095313560 
0.000065561	0.095460136 
0.000065614	0.095606819 
0.000065668	0.095753608 
0.000065721	0.095900503 
0.000065775	0.096047506 
0.000065828	0.096194614 
0.000065881	0.096341830 
0.000065935	0.096489152 
0.000065988	0.096636580 
0.000066042	0.096784116 
0.000066095	0.096931757 
0.000066149	0.097079505 
0.000066202	0.097227360 
0.000066255	0.097375321 
0.000066309	0.097523389 
0.000066362	0.097671563 
0.000066416	0.097819843 
0.000066469	0.097968230 
0.000066523	0.098116724 
0.000066576	0.098265323 
0.000066630	0.098414030 
0.000066683	0.098562842 
0.000066737	0.098711761 
0.000066790	0.098860786 
0.000066844	0.099009918 
0.000066897	0.099159156 
0.000066951	0.099308500 
0.000067004	0.099457951 
0.000067057	0.099607507 
0.000067111	0.099757171 
0.000067164	0.099906940 
0.000067218	0.100056815 
0.000067271	0.100206797 
0.000067325	0.100356885 
0.000067378	0.100507080 
0.000067432	0.100657380 
0.000067486	0.100807787 
0.000067539	0.100958299 
0.000067593	0.101108918 
0.000067646	0.101259644 
0.000067700	0.101410475 
0.000067753	0.101561412 
0.000067807	0.101712455 
0.000067860	0.101863605 
0.000067914	0.102014861 
0.000067967	0.102166222 
0.000068021	0.102317690 
0.000068074	0.102469264 
0.000068128	0.102620943 
0.000068181	0.102772729 
0.000068235	0.102924621 
0.000068289	0.103076619 
0.000068342	0.103228722 
0.000068396	0.103380932 
0.000068449	0.103533247 
0.000068503	0.103685669 
0.000068556	0.103838196 
0.000068610	0.103990830 
0.000068664	0.104143569 
0.000068717	0.104296414 
0.000068771	0.104449365 
0.000068824	0.104602421 
0.000068878	0.104755584 
0.000068931	0.104908852 
0.000068985	0.105062227 
0.000069039	0.105215707 
0.000069092	0.105369293 
0.000069146	0.105522984 
0.000069199	0.105676781 
0.000069253	0.105830684 
0.000069307	0.105984693 
0.000069360	0.106138808 
0.000069414	0.106293028 
0.000069468	0.106447354 
0.000069521	0.106601785 
0.000069575	0.106756322 
0.000069628	0.106910965 
0.000069682	0.107065714 
0.000069736	0.107220568 
0.000069789	0.107375528 
0.000069843	0.107530593 
0.000069897	0.107685764 
0.000069950	0.107841040 
0.000070004	0.107996422 
0.000070058	0.108151910 
0.000070111	0.108307503 
0.000070165	0.108463201 
0.000070218	0.108619006 
0.000070272	0.108774915 
0.000070326	0.108930930 
0.000070379	0.109087051 
0.000070433	0.109243277 
0.000070487	0.109399608 
0.000070541	0.109556045 
0.000070594	0.109712587 
0.000070648	0.109869235 
0.000070702	0.110025988 
0.000070755	0.110182846 
0.000070809	0.110339810 
0.000070863	0.110496879 
0.000070916	0.110654053 
0.000070970	0.110811333 
0.000071024	0.110968718 
0.000071077	0.111126208 
0.000071131	0.111283804 
0.000071185	0.111441504 
0.000071239	0.111599310 
0.000071292	0.111757222 
0.000071346	0.111915238 
0.000071400	0.112073360 
0.000071453	0.112231587 
0.000071507	0.112389919 
0.000071561	0.112548356 
0.000071615	0.112706899 
0.000071668	0.112865546 
0.000071722	0.113024299 
0.000071776	0.113183157 
0.000071830	0.113342120 
0.000071883	0.113501188 
0.000071937	0.113660361 
0.000071991	0.113819639 
0.000072045	0.113979022 
0.000072098	0.114138510 
0.000072152	0.114298104 
0.000072206	0.114457802 
0.000072260	0.114617605 
0.000072314	0.114777513 
0.000072367	0.114937527 
0.000072421	0.115097645 
0.000072475	0.115257868 
0.000072529	0.115418196 
0.000072582	0.115578629 
0.000072636	0.115739167 
0.000072690	0.115899809 
0.000072744	0.116060557 
0.000072798	0.116221410 
0.000072851	0.116382367 
0.000072905	0.116543429 
0.000072959	0.116704596 
0.000073013	0.116865868 
0.000073067	0.117027245 
0.000073121	0.117188726 
0.000073174	0.117350312 
0.000073228	0.117512003 
0.000073282	0.117673799 
0.000073336	0.117835699 
0.000073390	0.117997704 
0.000073443	0.118159814 
0.000073497	0.118322029 
0.000073551	0.118484348 
0.000073605	0.118646772 
0.000073659	0.118809301 
0.000073713	0.118971934 
0.000073767	0.119134672 
0.000073820	0.119297514 
0.000073874	0.119460461 
0.000073928	0.119623513 
0.000073982	0.119786669 
0.000074036	0.119949930 
0.000074090	0.120113295 
0.000074144	0.120276765 
0.000074198	0.120440339 
0.000074251	0.120604018 
0.000074305	0.120767801 
0.000074359	0.120931689 
0.000074413	0.121095682 
0.000074467	0.121259778 
0.000074521	0.121423979 
0.000074575	0.121588285 
0.000074629	0.121752695 
0.000074683	0.121917210 
0.000074736	0.122081829 
0.000074790	0.122246552 
0.000074844	0.122411379 
0.000074898	0.122576311 
0.000074952	0.122741348 
0.000075006	0.122906488 
0.000075060	0.123071733 
0.000075114	0.123237082 
0.000075168	0.123402536 
0.000075222	0.123568094 
0.000075276	0.123733756 
0.000075330	0.123899522 
0.000075384	0.124065393 
0.000075437	0.124231367 
0.000075491	0.124397446 
0.000075545	0.124563629 
0.000075599	0.124729917 
0.000075653	0.124896308 
0.000075707	0.125062804 
0.000075761	0.125229404 
0.000075815	0.125396108 
0.000075869	0.125562916 
0.000075923	0.125729828 
0.000075977	0.125896844 
0.000076031	0.126063964 
0.000076085	0.126231189 
0.000076139	0.126398517 
0.000076193	0.126565950 
0.000076247	0.126733486 
0.000076301	0.126901126 
0.000076355	0.127068871 
0.000076409	0.127236719 
0.000076463	0.127404672 
0.000076517	0.127572728 
0.000076571	0.127740889 
0.000076625	0.127909153 
0.000076679	0.128077521 
0.000076733	0.128245993 
0.000076787	0.128414569 
0.000076841	0.128583249 
0.000076895	0.128752033 
0.000076949	0.128920920 
0.000077003	0.129089912 
0.000077057	0.129259007 
0.000077111	0.129428206 
0.000077165	0.129597509 
0.000077219	0.129766916 
0.000077273	0.129936426 
0.000077327	0.130106040 
0.000077381	0.130275758 
0.000077436	0.130445580 
0.000077490	0.130615505 
0.000077544	0.130785534 
0.000077598	0.130955667 
0.000077652	0.131125904 
0.000077706	0.131296244 
0.000077760	0.131466688 
0.000077814	0.131637235 
0.000077868	0.131807886 
0.000077922	0.131978641 
0.000077976	0.132149499 
0.000078030	0.132320461 
0.000078084	0.132491527 
0.000078139	0.132662696 
0.000078193	0.132833968 
0.000078247	0.133005344 
0.000078301	0.133176824 
0.000078355	0.133348407 
0.000078409	0.133520094 
0.000078463	0.133691884 
0.000078517	0.133863778 
0.000078571	0.134035775 
0.000078625	0.134207875 
0.000078680	0.134380079 
0.000078734	0.134552387 
0.000078788	0.134724798 
0.000078842	0.134897312 
0.000078896	0.135069930 
0.000078950	0.135242651 
0.000079004	0.135415475 
0.000079059	0.135588403 
0.000079113	0.135761434 
0.000079167	0.135934568 
0.000079221	0.136107806 
0.000079275	0.136281146 
0.000079329	0.136454591 
0.000079383	0.136628138 
0.000079438	0.136801789 
0.000079492	0.136975543 
0.000079546	0.137149400 
0.000079600	0.137323360 
0.000079654	0.137497424 
0.000079709	0.137671591 
0.000079763	0.137845861 
0.000079817	0.138020234 
0.000079871	0.138194710 
0.000079925	0.138369290 
0.000079979	0.138543972 
0.000080034	0.138718758 
0.000080088	0.138893647 
0.000080142	0.139068638 
0.000080196	0.139243733 
0.000080250	0.139418931 
0.000080305	0.139594232 
0.000080359	0.139769636 
0.000080413	0.139945143 
0.000080467	0.140120753 
0.000080522	0.140296466 
0.000080576	0.140472283 
0.000080630	0.140648202 
0.000080684	0.140824224 
0.000080738	0.141000348 
0.000080793	0.141176576 
0.000080847	0.141352907 
0.000080901	0.141529341 
0.000080955	0.141705877 
0.000081010	0.141882517 
0.000081064	0.142059259 
0.000081118	0.142236104 
0.000081172	0.142413052 
0.000081227	0.142590103 
0.000081281	0.142767256 
0.000081335	0.142944513 
0.000081390	0.143121872 
0.000081444	0.143299334 
0.000081498	0.143476899 
0.000081552	0.143654566 
0.000081607	0.143832336 
0.000081661	0.144010209 
0.000081715	0.144188185 
0.000081770	0.144366263 
0.000081824	0.144544444 
0.000081878	0.144722728 
0.000081932	0.144901114 
0.000081987	0.145079603 
0.000082041	0.145258195 
0.000082095	0.145436889 
0.000082150	0.145615686 
0.000082204	0.145794585 
0.000082258	0.145973587 
0.000082313	0.146152692 
0.000082367	0.146331899 
0.000082421	0.146511209 
0.000082476	0.146690621 
0.000082530	0.146870136 
0.000082584	0.147049753 
0.000082639	0.147229472 
0.000082693	0.147409295 
0.000082747	0.147589219 
0.000082802	0.147769246 
0.000082856	0.147949376 
0.000082910	0.148129608 
0.000082965	0.148309942 
0.000083019	0.148490379 
0.000083073	0.148670918 
0.000083128	0.148851560 
0.000083182	0.149032303 
0.000083237	0.149213150 
0.000083291	0.149394098 
0.000083345	0.149575149 
0.000083400	0.149756302 
0.000083454	0.149937558 
0.000083508	0.150118915 
0.000083563	0.150300375 
0.000083617	0.150481938 
0.000083672	0.150663602 
0.000083726	0.150845369 
0.000083780	0.151027238 
0.000083835	0.151209209 
0.000083889	0.151391282 
0.000083944	0.151573458 
0.000083998	0.151755736 
0.000084053	0.151938116 
0.000084107	0.152120598 
0.000084161	0.152303182 
0.000084216	0.152485868 
0.000084270	0.152668656 
0.000084325	0.152851547 
0.000084379	0.153034539 
0.000084434	0.153217634 
0.000084488	0.153400830 
0.000084542	0.153584129 
0.000084597	0.153767530 
0.000084651	0.153951032 
0.000084706	0.154134637 
0.000084760	0.154318344 
0.000084815	0.154502152 
0.000084869	0.154686063 
0.000084924	0.154870076 
0.000084978	0.155054190 
0.000085033	0.155238407 
0.000085087	0.155422725 
0.000085141	0.155607145 
0.000085196	0.155791667 
0.000085250	0.155976291 
0.000085305	0.156161017 
0.000085359	0.156345845 
0.000085414	0.156530774 
0.000085468	0.156715805 
0.000085523	0.156900939 
0.000085577	0.157086173 
0.000085632	0.157271510 
0.000085686	0.157456949 
0.000085741	0.157642489 
0.000085795	0.157828131 
0.000085850	0.158013874 
0.000085905	0.158199720 
0.000085959	0.158385667 
0.000086014	0.158571716 
0.000086068	0.158757866 
0.000086123	0.158944118 
0.000086177	0.159130472 
0.000086232	0.159316928 
0.000086286	0.159503485 
0.000086341	0.159690143 
0.000086395	0.159876904 
0.000086450	0.160063765 
0.000086504	0.160250729 
0.000086559	0.160437794 
0.000086614	0.160624960 
0.000086668	0.160812228 
0.000086723	0.160999598 
0.000086777	0.161187069 
0.000086832	0.161374642 
0.000086886	0.161562316 
0.000086941	0.161750091 
0.000086996	0.161937968 
0.000087050	0.162125947 
0.000087105	0.162314027 
0.000087159	0.162502208 
0.000087214	0.162690491 
0.000087269	0.162878875 
0.000087323	0.163067360 
0.000087378	0.163255947 
0.000087432	0.163444636 
0.000087487	0.163633425 
0.000087542	0.163822316 
0.000087596	0.164011308 
0.000087651	0.164200402 
0.000087705	0.164389597 
0.000087760	0.164578893 
0.000087815	0.164768290 
0.000087869	0.164957789 
0.000087924	0.165147389 
0.000087979	0.165337090 
0.000088033	0.165526892 
0.000088088	0.165716796 
0.000088142	0.165906800 
0.000088197	0.166096906 
0.000088252	0.166287113 
0.000088306	0.166477421 
0.000088361	0.166667831 
0.000088416	0.166858341 
0.000088470	0.167048953 
0.000088525	0.167239666 
0.000088580	0.167430479 
0.000088634	0.167621394 
0.000088689	0.167812410 
0.000088744	0.168003527 
0.000088798	0.168194745 
0.000088853	0.168386064 
0.000088908	0.168577484 
0.000088962	0.168769005 
0.000089017	0.168960627 
0.000089072	0.169152350 
0.000089127	0.169344174 
0.000089181	0.169536099 
0.000089236	0.169728125 
0.000089291	0.169920252 
0.000089345	0.170112479 
0.000089400	0.170304808 
0.000089455	0.170497237 
0.000089510	0.170689768 
0.000089564	0.170882399 
0.000089619	0.171075131 
0.000089674	0.171267964 
0.000089728	0.171460898 
0.000089783	0.171653932 
0.000089838	0.171847067 
0.000089893	0.172040304 
0.000089947	0.172233640 
0.000090002	0.172427078 
0.000090057	0.172620616 
0.000090112	0.172814255 
0.000090166	0.173007995 
0.000090221	0.173201836 
0.000090276	0.173395777 
0.000090331	0.173589819 
0.000090385	0.173783961 
0.000090440	0.173978205 
0.000090495	0.174172548 
0.000090550	0.174366993 
0.000090605	0.174561538 
0.000090659	0.174756184 
0.000090714	0.174950930 
0.000090769	0.175145777 
0.000090824	0.175340724 
0.000090879	0.175535772 
0.000090933	0.175730921 
0.000090988	0.175926170 
0.000091043	0.176121520 
0.000091098	0.176316970 
0.000091153	0.176512520 
0.000091207	0.176708171 
0.000091262	0.176903923 
0.000091317	0.177099775 
0.000091372	0.177295727 
0.000091427	0.177491780 
0.000091481	0.177687933 
0.000091536	0.177884187 
0.000091591	0.178080541 
0.000091646	0.178276995 
0.000091701	0.178473550 
0.000091756	0.178670205 
0.000091811	0.178866961 
0.000091865	0.179063817 
0.000091920	0.179260773 
0.000091975	0.179457829 
0.000092030	0.179654986 
0.000092085	0.179852243 
0.000092140	0.180049600 
0.000092195	0.180247058 
0.000092249	0.180444615 
0.000092304	0.180642273 
0.000092359	0.180840031 
0.000092414	0.181037890 
0.000092469	0.181235848 
0.000092524	0.181433907 
0.000092579	0.181632066 
0.000092634	0.181830325 
0.000092689	0.182028684 
0.000092743	0.182227143 
0.000092798	0.182425703 
0.000092853	0.182624362 
0.000092908	0.182823122 
0.000092963	0.183021981 
0.000093018	0.183220941 
0.000093073	0.183420001 
0.000093128	0.183619161 
0.000093183	0.183818421 
0.000093238	0.184017780 
0.000093293	0.184217240 
0.000093348	0.184416800 
0.000093402	0.184616460 
0.000093457	0.184816220 
0.000093512	0.185016079 
0.000093567	0.185216039 
0.000093622	0.185416098 
0.000093677	0.185616258 
0.000093732	0.185816517 
0.000093787	0.186016876 
0.000093842	0.186217335 
0.000093897	0.186417894 
0.000093952	0.186618553 
0.000094007	0.186819312 
0.000094062	0.187020170 
0.000094117	0.187221129 
0.000094172	0.187422187 
0.000094227	0.187623344 
0.000094282	0.187824602 
0.000094337	0.188025959 
0.000094392	0.188227417 
0.000094447	0.188428973 
0.000094502	0.188630630 
0.000094557	0.188832386 
0.000094612	0.189034242 
0.000094667	0.189236198 
0.000094722	0.189438253 
0.000094777	0.189640408 
0.000094832	0.189842663 
0.000094887	0.190045017 
0.000094942	0.190247471 
0.000094997	0.190450024 
0.000095052	0.190652677 
0.000095107	0.190855430 
0.000095162	0.191058282 
0.000095217	0.191261234 
0.000095272	0.191464285 
0.000095327	0.191667436 
0.000095382	0.191870686 
0.000095437	0.192074036 
0.000095492	0.192277485 
0.000095547	0.192481034 
0.000095602	0.192684683 
0.000095657	0.192888430 
0.000095713	0.193092277 
0.000095768	0.193296224 
0.000095823	0.193500270 
0.000095878	0.193704416 
0.000095933	0.193908660 
0.000095988	0.194113005 
0.000096043	0.194317448 
0.000096098	0.194521991 
0.000096153	0.194726633 
0.000096208	0.194931375 
0.000096263	0.195136216 
0.000096318	0.195341156 
0.000096374	0.195546196 
0.000096429	0.195751334 
0.000096484	0.195956572 
0.000096539	0.196161910 
0.000096594	0.196367346 
0.000096649	0.196572882 
0.000096704	0.196778517 
0.000096759	0.196984251 
0.000096815	0.197190085 
0.000096870	0.197396017 
0.000096925	0.197602049 
0.000096980	0.197808180 
0.000097035	0.198014410 
0.000097090	0.198220739 
0.000097145	0.198427167 
0.000097200	0.198633695 
0.000097256	0.198840321 
0.000097311	0.199047047 
0.000097366	0.199253871 
0.000097421	0.199460795 
0.000097476	0.199667818 
0.000097531	0.199874939 
0.000097587	0.200082160 
0.000097642	0.200289480 
0.000097697	0.200496898 
0.000097752	0.200704416 
0.000097807	0.200912033 
0.000097863	0.201119748 
0.000097918	0.201327563 
0.000097973	0.201535477 
0.000098028	0.201743489 
0.000098083	0.201951600 
0.000098139	0.202159810 
0.000098194	0.202368120 
0.000098249	0.202576527 
0.000098304	0.202785034 
0.000098359	0.202993640 
0.000098415	0.203202344 
0.000098470	0.203411148 
0.000098525	0.203620050 
0.000098580	0.203829051 
0.000098635	0.204038150 
0.000098691	0.204247349 
0.000098746	0.204456646 
0.000098801	0.204666042 
0.000098856	0.204875536 
0.000098912	0.205085130 
0.000098967	0.205294822 
0.000099022	0.205504613 
0.000099077	0.205714502 
0.000099133	0.205924490 
0.000099188	0.206134577 
0.000099243	0.206344762 
0.000099298	0.206555046 
0.000099354	0.206765429 
0.000099409	0.206975910 
0.000099464	0.207186490 
0.000099520	0.207397168 
0.000099575	0.207607945 
0.000099630	0.207818821 
0.000099685	0.208029795 
0.000099741	0.208240867 
0.000099796	0.208452038 
0.000099851	0.208663308 
0.000099907	0.208874676 
0.000099962	0.209086143 
0.000115009	0.269743901 
0.000132287	0.346596701 
0.000152146	0.443477540 
0.000174978	0.564835008 
0.000201228	0.715744689 
0.000231415	0.901894441 
0.000266147	1.129537475 
0.000306084	1.404927355 
0.000352031	1.734509738 
0.000404906	2.124187170 
0.000465705	2.578313045 
0.000535608	3.099718994 
0.000616036	3.689326746 
0.000708531	4.344419067 
0.000814861	5.058848790 
0.000937168	5.823614253 
0.001077773	6.625483477 
0.001239545	7.449472870 
0.001425651	8.277892871 
0.001639594	9.091783238 
0.001885748	9.873943520 
0.002168701	10.607471322 
0.002494122	11.279313947 
0.002868287	11.879240417 
0.003298856	12.401344103 
0.003794183	12.842728524 
0.004363710	13.203986972 
0.005019269	13.489178399 
0.005773012	13.703949375 
0.006639314	13.855969747 
0.007636818	13.954089096 
0.008783984	14.007144065 
0.010102496	14.024152741 
0.011620487	14.013717141 
0.013365874	13.983731668 
0.015377201	13.941141194 
0.017692794	13.891998911 
0.020354690	13.841330190 
0.023408813	13.793022232 
0.026939335	13.749408495 
0.031000375	13.712340149 
0.035695727	13.682270274 
0.041119251	13.659057187 
0.047298564	13.642030206 
0.054515369	13.629493458 
0.062845087	13.620253018 
0.072371400	13.612995870 
0.083243358	13.606578291 
0.095745819	13.600120525 
0.110383444	13.592930631 
0.126972733	13.584848484 
0.146146055	13.575436226 
0.168168621	13.564498562 
0.194136827	13.551448401 
0.223511526	13.536528213 
0.257443159	13.519133778 
0.296126705	13.499147063 
0.341274349	13.475666855 
0.393233746	13.448499528 
0.454329300	13.416423323 
0.524968160	13.379228591 
0.605159022	13.336933916 
0.697557172	13.288178802 
0.805293238	13.231373468 
0.928518986	13.166530189 
1.070531297	13.092043151 
1.231338705	13.008076740 
1.418059370	12.911146051 
1.630951493	12.801425558 
1.877750538	12.675336304 
2.162902876	12.531162462 
2.491220813	12.367182542 
2.868009826	12.181647525 
3.299202801	11.972768256 
3.795610462	11.736781168 
4.365144686	11.471828077 
5.021255793	11.174102642 
5.774991697	10.841731059 
6.644073804	10.470916303 
7.644853401	10.059810998 
8.792407604	9.608518111 
10.116347462	9.113311112 
11.637327428	8.576280786 
13.388499757	7.997628254 
15.400870119	7.381443729 
17.716380368	6.731860647 
20.376866690	6.056890285 
23.439796863	5.364582476 
26.965072611	4.666834975 
31.009931186	3.979335436 
35.672356887	3.313940891 
41.032049104	2.688085828 
47.206957422	2.115262609 
54.316873951	1.608701140 
62.504132269	1.177539780 
71.911415520	0.826750205 
82.773975641	0.553568105 
95.262335648	0.352921370 
109.594738178	0.214055653 
126.241965246	0.122820495 
145.572614004	0.066920722 
168.312593673	0.034639404 
193.872470201	0.017778149 
226.611252552	0.008423092 
264.988094754	0.004017070 
314.435893897	0.001843052 
389.075790662	0.000749015 
490.687739966	0.000312657 
579.526255908	0.000179322 
721.328521627	0.000093663 
964.450349758	0.000044597 
1409.223446125	0.000020694 
2010.707987957	0.000000207 
2376.872771783	0.000048198 
2816.203450364	0.000041000 
3277.643215292	0.000035926 
3803.875072132	0.000000321 
4514.080434672	0.000027776 
5305.373139272	0.000024780 
6127.120351977	0.000022455 
7264.263376648	0.000020211 
8440.941231126	0.000018590 
9956.874557049	0.000017158 
