#Yield	k0	k1	k2	k3	k4	k5	k6	k7	k8	k9	k10	k11	k12	k13	k14	k15	k16	k17	k18	k19	k20	k21	t50	t85	t95
0.449945	1.000000	2.000000	2.000000	1.000000	1.000000	1.000000
0.492245	0.900000	2.100000	2.100000	1.000000	1.000000	1.000000
0.493530	0.822126	2.174548	2.171260	1.000000	1.000000	1.000000
0.549353	0.823994	2.122350	2.205515	0.039351	1.000000	1.000000
0.571907	0.729399	2.218346	2.285213	0.035189	1.000000	1.000000
0.519888	0.695731	2.238397	2.322536	0.056433	1.000000	1.000000
0.501467	0.779438	2.154262	2.268228	0.095643	1.000000	1.000000
0.511850	0.811776	2.112861	2.254165	0.069144	1.000000	1.000000
0.494446	0.796921	2.122505	2.283769	1.000000	1.000000	1.000000
0.503143	0.828211	2.082071	2.270093	0.078222	1.000000	1.000000
0.479489	0.814599	2.090867	2.298062	1.000000	1.000000	1.000000
0.474502	0.858359	2.037884	2.271088	1.000000	1.000000	1.000000
0.420724	0.874124	2.013751	2.270340	1.000000	1.000000	1.000000
0.421080	0.973957	1.913867	2.170511	1.000000	1.000000	1.000000
0.421438	0.973415	1.914199	2.172086	1.000000	1.000000	1.000000
0.421799	0.972869	1.914533	2.173667	1.000000	1.000000	1.000000
0.420359	0.972320	1.914869	2.175256	1.000000	1.000000	1.000000
0.420721	0.975265	1.911010	2.173059	1.000000	1.000000	1.000000
0.444810	0.974713	1.911349	2.174662	1.000000	1.000000	1.000000
0.445158	0.927173	1.965756	2.225874	1.000000	1.000000	1.000000
0.445509	0.926639	1.966047	2.227263	1.000000	1.000000	1.000000
0.445862	0.926100	1.966342	2.228659	1.000000	1.000000	1.000000
0.445253	0.925557	1.966639	2.230062	1.000000	1.000000	1.000000
0.445609	0.926830	1.965034	2.229615	1.000000	1.000000	1.000000
0.445967	0.926284	1.965332	2.231030	1.000000	1.000000	1.000000
0.446690	0.925733	1.965634	2.232452	1.000000	1.000000	1.000000
0.446032	0.924494	1.966667	2.234543	1.000000	1.000000	1.000000
0.446396	0.925858	1.964964	2.234022	1.000000	1.000000	1.000000
0.445758	0.925298	1.965270	2.235464	1.000000	1.000000	1.000000
0.446124	0.926630	1.963595	2.234985	1.000000	1.000000	1.000000
0.445521	0.926066	1.963904	2.236440	1.000000	1.000000	1.000000
0.445888	0.927336	1.962287	2.236032	1.000000	1.000000	1.000000
0.446259	0.926769	1.962597	2.237498	1.000000	1.000000	1.000000
0.447166	0.926197	1.962910	2.238972	1.000000	1.000000	1.000000
0.446485	0.924613	1.964298	2.241438	1.000000	1.000000	1.000000
0.446863	0.926026	1.962530	2.240905	1.000000	1.000000	1.000000
0.446206	0.925444	1.962850	2.242401	1.000000	1.000000	1.000000
0.446586	0.926816	1.961118	2.241918	1.000000	1.000000	1.000000
0.446969	0.926230	1.961439	2.243425	1.000000	1.000000	1.000000
0.447494	0.925639	1.961763	2.244941	1.000000	1.000000	1.000000
0.419063	0.930945	1.955900	2.240487	1.000000	1.000000	1.000000
0.419799	0.982219	1.902238	2.189181	1.000000	1.000000	1.000000
0.418015	0.980879	1.903522	2.191391	1.000000	1.000000	1.000000
0.373502	0.984577	1.899034	2.188326	1.000000	1.000000	1.000000
0.373510	1.084520	1.799077	2.088377	1.000000	1.000000	1.000000
0.373503	1.084507	1.799084	2.088419	1.000000	1.000000	1.000000
0.373511	1.084527	1.799051	2.088425	1.000000	1.000000	1.000000
0.373519	1.084514	1.799059	2.088468	1.000000	1.000000	1.000000
0.377421	1.084501	1.799067	2.088511	1.000000	1.000000	1.000000
0.377448	1.079501	1.805011	2.093898	1.000000	1.000000	1.000000
0.374009	1.079473	1.805036	2.093956	1.000000	1.000000	1.000000
0.374002	1.083435	1.800355	2.089753	1.000000	1.000000	1.000000
0.373995	1.083457	1.800321	2.089759	1.000000	1.000000	1.000000
0.374003	1.083478	1.800287	2.089766	1.000000	1.000000	1.000000
0.381071	1.083464	1.800295	2.089810	1.000000	1.000000	1.000000
0.381080	1.067238	1.819462	2.107181	1.000000	1.000000	1.000000
0.381089	1.067224	1.819469	2.107225	1.000000	1.000000	1.000000
0.381100	1.067209	1.819477	2.107269	1.000000	1.000000	1.000000
0.381113	1.067190	1.819491	2.107318	1.000000	1.000000	1.000000
0.381122	1.067166	1.819511	2.107372	1.000000	1.000000	1.000000
0.380812	1.067152	1.819519	2.107416	1.000000	1.000000	1.000000
0.380821	1.067839	1.818722	2.106719	1.000000	1.000000	1.000000
0.380813	1.067824	1.818730	2.106764	1.000000	1.000000	1.000000
0.380822	1.067846	1.818697	2.106771	1.000000	1.000000	1.000000
0.380781	1.067832	1.818705	2.106817	1.000000	1.000000	1.000000
0.380773	1.067928	1.818586	2.106746	1.000000	1.000000	1.000000
0.380783	1.067950	1.818552	2.106753	1.000000	1.000000	1.000000
0.380792	1.067935	1.818560	2.106800	1.000000	1.000000	1.000000
0.380767	1.067920	1.818568	2.106846	1.000000	1.000000	1.000000
0.380781	1.067980	1.818491	2.106814	1.000000	1.000000	1.000000
0.380773	1.067954	1.818511	2.106871	1.000000	1.000000	1.000000
0.380391	1.067977	1.818476	2.106878	1.000000	1.000000	1.000000
0.378020	1.068822	1.817496	2.106015	1.000000	1.000000	1.000000
0.378058	1.074762	1.810658	2.099762	1.000000	1.000000	1.000000
0.378150	1.074794	1.810611	2.099759	1.000000	1.000000	1.000000
0.378563	1.074842	1.810546	2.099741	1.000000	1.000000	1.000000
0.407384	1.074931	1.810433	2.099680	1.000000	1.000000	1.000000
0.407392	1.009193	1.881639	2.167663	1.000000	1.000000	1.000000
0.407400	1.009180	1.881646	2.167699	1.000000	1.000000	1.000000
0.408129	1.009167	1.881652	2.167736	1.000000	1.000000	1.000000
0.408137	1.007623	1.883133	2.169284	1.000000	1.000000	1.000000
0.408089	1.007609	1.883139	2.169320	1.000000	1.000000	1.000000
0.408059	1.007717	1.883030	2.169238	1.000000	1.000000	1.000000
0.408067	1.007784	1.882959	2.169195	1.000000	1.000000	1.000000
0.408056	1.007770	1.882965	2.169232	1.000000	1.000000	1.000000
0.408065	1.007797	1.882932	2.169229	1.000000	1.000000	1.000000
0.408069	1.007784	1.882939	2.169267	1.000000	1.000000	1.000000
0.408078	1.007778	1.882938	2.169296	1.000000	1.000000	1.000000
0.408086	1.007764	1.882945	2.169334	1.000000	1.000000	1.000000
0.408075	1.007750	1.882952	2.169372	1.000000	1.000000	1.000000
0.408080	1.007778	1.882918	2.169369	1.000000	1.000000	1.000000
0.408069	1.007772	1.882918	2.169399	1.000000	1.000000	1.000000
0.408073	1.007800	1.882884	2.169396	1.000000	1.000000	1.000000
0.408078	1.007794	1.882883	2.169426	1.000000	1.000000	1.000000
0.408087	1.007787	1.882882	2.169457	1.000000	1.000000	1.000000
0.408096	1.007773	1.882889	2.169496	1.000000	1.000000	1.000000
0.408064	1.007758	1.882896	2.169536	1.000000	1.000000	1.000000
0.408052	1.007831	1.882820	2.169490	1.000000	1.000000	1.000000
0.408040	1.007860	1.882785	2.169486	1.000000	1.000000	1.000000
0.408882	1.007889	1.882750	2.169483	1.000000	1.000000	1.000000
0.408878	1.006108	1.884453	2.171265	1.000000	1.000000	1.000000
0.408887	1.006120	1.884435	2.171278	1.000000	1.000000	1.000000
0.408875	1.006105	1.884442	2.171319	1.000000	1.000000	1.000000
0.408863	1.006136	1.884406	2.171315	1.000000	1.000000	1.000000
0.408851	1.006166	1.884370	2.171312	1.000000	1.000000	1.000000
0.408860	1.006196	1.884334	2.171308	1.000000	1.000000	1.000000
0.408869	1.006181	1.884341	2.171350	1.000000	1.000000	1.000000
0.408866	1.006165	1.884349	2.171392	1.000000	1.000000	1.000000
0.408853	1.006178	1.884330	2.171405	1.000000	1.000000	1.000000
0.408856	1.006209	1.884293	2.171401	1.000000	1.000000	1.000000
0.408866	1.006207	1.884287	2.171430	1.000000	1.000000	1.000000
0.408875	1.006191	1.884295	2.171472	1.000000	1.000000	1.000000
0.408885	1.006175	1.884303	2.171515	1.000000	1.000000	1.000000
0.408895	1.006159	1.884310	2.171558	1.000000	1.000000	1.000000
0.408905	1.006143	1.884318	2.171601	1.000000	1.000000	1.000000
0.408914	1.006127	1.884326	2.171645	1.000000	1.000000	1.000000
0.408924	1.006111	1.884333	2.171688	1.000000	1.000000	1.000000
0.408911	1.006095	1.884341	2.171732	1.000000	1.000000	1.000000
0.408921	1.006128	1.884302	2.171729	1.000000	1.000000	1.000000
0.408885	1.006111	1.884310	2.171773	1.000000	1.000000	1.000000
0.408895	1.006193	1.884224	2.171720	1.000000	1.000000	1.000000
0.410347	1.006177	1.884232	2.171765	1.000000	1.000000	1.000000
0.419410	1.003106	1.887166	2.174819	1.000000	1.000000	1.000000
0.419397	0.983343	1.906025	2.194290	1.000000	1.000000	1.000000
0.419408	0.983375	1.905988	2.194287	1.000000	1.000000	1.000000
0.419395	0.983357	1.905996	2.194332	1.000000	1.000000	1.000000
0.418378	0.983390	1.905958	2.194329	1.000000	1.000000	1.000000
0.418389	0.985518	1.903989	2.192292	1.000000	1.000000	1.000000
0.418399	0.985501	1.903997	2.192337	1.000000	1.000000	1.000000
0.418377	0.985483	1.904005	2.192383	1.000000	1.000000	1.000000
0.418387	0.985536	1.903948	2.192361	1.000000	1.000000	1.000000
0.418398	0.985518	1.903956	2.192407	1.000000	1.000000	1.000000
0.418375	0.985501	1.903964	2.192453	1.000000	1.000000	1.000000
0.418386	0.985554	1.903907	2.192431	1.000000	1.000000	1.000000
0.418380	0.985536	1.903915	2.192478	1.000000	1.000000	1.000000
0.418391	0.985553	1.903891	2.192490	1.000000	1.000000	1.000000
0.418402	0.985536	1.903899	2.192538	1.000000	1.000000	1.000000
0.408694	0.985518	1.903908	2.192585	1.000000	1.000000	1.000000
0.408698	1.006821	1.884119	2.171888	1.000000	1.000000	1.000000
0.408708	1.006818	1.884114	2.171921	1.000000	1.000000	1.000000
0.408719	1.006801	1.884123	2.171968	1.000000	1.000000	1.000000
0.408723	1.006783	1.884131	2.172016	1.000000	1.000000	1.000000
0.408734	1.006780	1.884126	2.172049	1.000000	1.000000	1.000000
0.408744	1.006762	1.884135	2.172097	1.000000	1.000000	1.000000
0.408741	1.006745	1.884143	2.172145	1.000000	1.000000	1.000000
0.408738	1.006756	1.884124	2.172163	1.000000	1.000000	1.000000
0.408749	1.006768	1.884105	2.172181	1.000000	1.000000	1.000000
0.408760	1.006750	1.884113	2.172230	1.000000	1.000000	1.000000
0.408771	1.006732	1.884122	2.172279	1.000000	1.000000	1.000000
0.408757	1.006713	1.884131	2.172329	1.000000	1.000000	1.000000
0.408761	1.006750	1.884087	2.172324	1.000000	1.000000	1.000000
0.408772	1.006747	1.884082	2.172358	1.000000	1.000000	1.000000
0.411854	1.006728	1.884091	2.172409	1.000000	1.000000	1.000000
0.411838	1.000225	1.890350	2.178861	1.000000	1.000000	1.000000
0.411823	1.000262	1.890306	2.178856	1.000000	1.000000	1.000000
0.411781	1.000299	1.890261	2.178851	1.000000	1.000000	1.000000
0.411793	1.000394	1.890162	2.178791	1.000000	1.000000	1.000000
0.411777	1.000375	1.890171	2.178842	1.000000	1.000000	1.000000
0.411789	1.000413	1.890126	2.178838	1.000000	1.000000	1.000000
0.411773	1.000394	1.890135	2.178890	1.000000	1.000000	1.000000
0.411758	1.000432	1.890089	2.178885	1.000000	1.000000	1.000000
0.411742	1.000471	1.890043	2.178880	1.000000	1.000000	1.000000
0.411726	1.000510	1.889997	2.178875	1.000000	1.000000	1.000000
0.411738	1.000549	1.889950	2.178870	1.000000	1.000000	1.000000
0.411735	1.000529	1.889959	2.178924	1.000000	1.000000	1.000000
0.411748	1.000540	1.889940	2.178946	1.000000	1.000000	1.000000
0.411703	1.000520	1.889950	2.179000	1.000000	1.000000	1.000000
0.411687	1.000620	1.889845	2.178936	1.000000	1.000000	1.000000
0.411699	1.000660	1.889797	2.178931	1.000000	1.000000	1.000000
0.411683	1.000640	1.889807	2.178986	1.000000	1.000000	1.000000
0.411637	1.000680	1.889759	2.178981	1.000000	1.000000	1.000000
0.411650	1.000782	1.889652	2.178916	1.000000	1.000000	1.000000
0.413156	1.000761	1.889662	2.178971	1.000000	1.000000	1.000000
0.413110	0.997593	1.892674	2.182119	1.000000	1.000000	1.000000
0.413122	0.997696	1.892566	2.182054	1.000000	1.000000	1.000000
0.413135	0.997675	1.892576	2.182110	1.000000	1.000000	1.000000
0.415612	0.997654	1.892586	2.182166	1.000000	1.000000	1.000000
0.413001	0.994016	1.896028	2.185769	1.000000	1.000000	1.000000
0.412997	0.997953	1.892307	2.181954	1.000000	1.000000	1.000000
0.412950	0.997968	1.892283	2.181975	1.000000	1.000000	1.000000
0.412963	0.998074	1.892172	2.181907	1.000000	1.000000	1.000000
0.412976	0.998052	1.892182	2.181965	1.000000	1.000000	1.000000
0.412989	0.998031	1.892193	2.182023	1.000000	1.000000	1.000000
0.423217	0.998009	1.892203	2.182082	1.000000	1.000000	1.000000
0.425958	0.975977	1.913162	2.203744	1.000000	1.000000	1.000000
0.427912	0.970349	1.918305	2.209218	1.000000	1.000000	1.000000
0.427926	0.966353	1.921919	2.213099	1.000000	1.000000	1.000000
0.427905	0.966330	1.921930	2.213157	1.000000	1.000000	1.000000
0.427919	0.966378	1.921876	2.213147	1.000000	1.000000	1.000000
0.427934	0.966355	1.921887	2.213206	1.000000	1.000000	1.000000
0.427842	0.966332	1.921897	2.213265	1.000000	1.000000	1.000000
0.427834	0.966525	1.921713	2.213116	1.000000	1.000000	1.000000
0.427813	0.966548	1.921683	2.213131	1.000000	1.000000	1.000000
0.436464	0.966597	1.921628	2.213120	1.000000	1.000000	1.000000
0.436438	0.948273	1.938177	2.230763	1.000000	1.000000	1.000000
0.436331	0.948329	1.938117	2.230745	1.000000	1.000000	1.000000
0.436346	0.948550	1.937914	2.230573	1.000000	1.000000	1.000000
0.436361	0.948525	1.937925	2.230634	1.000000	1.000000	1.000000
0.436335	0.948501	1.937937	2.230694	1.000000	1.000000	1.000000
0.436337	0.948559	1.937875	2.230676	1.000000	1.000000	1.000000
0.436352	0.948561	1.937863	2.230710	1.000000	1.000000	1.000000
0.436368	0.948536	1.937874	2.230772	1.000000	1.000000	1.000000
0.436384	0.948511	1.937885	2.230834	1.000000	1.000000	1.000000
0.436399	0.948486	1.937897	2.230896	1.000000	1.000000	1.000000
0.436415	0.948461	1.937908	2.230958	1.000000	1.000000	1.000000
0.436416	0.948435	1.937920	2.231021	1.000000	1.000000	1.000000
0.436432	0.948439	1.937907	2.231055	1.000000	1.000000	1.000000
0.436448	0.948413	1.937918	2.231118	1.000000	1.000000	1.000000
0.436464	0.948387	1.937930	2.231182	1.000000	1.000000	1.000000
0.436480	0.948361	1.937942	2.231246	1.000000	1.000000	1.000000
0.436409	0.948334	1.937954	2.231310	1.000000	1.000000	1.000000
0.436425	0.948484	1.937812	2.231208	1.000000	1.000000	1.000000
0.436397	0.948458	1.937824	2.231273	1.000000	1.000000	1.000000
0.436399	0.948520	1.937758	2.231254	1.000000	1.000000	1.000000
0.436326	0.948523	1.937744	2.231290	1.000000	1.000000	1.000000
0.436343	0.948676	1.937599	2.231186	1.000000	1.000000	1.000000
0.436359	0.948649	1.937611	2.231252	1.000000	1.000000	1.000000
0.436376	0.948622	1.937624	2.231319	1.000000	1.000000	1.000000
0.436393	0.948594	1.937636	2.231386	1.000000	1.000000	1.000000
0.436410	0.948567	1.937648	2.231453	1.000000	1.000000	1.000000
0.436289	0.948539	1.937661	2.231520	1.000000	1.000000	1.000000
0.436260	0.948789	1.937431	2.231325	1.000000	1.000000	1.000000
0.436231	0.948854	1.937362	2.231306	1.000000	1.000000	1.000000
0.436248	0.948920	1.937293	2.231286	1.000000	1.000000	1.000000
0.436265	0.948892	1.937306	2.231355	1.000000	1.000000	1.000000
0.436283	0.948863	1.937318	2.231424	1.000000	1.000000	1.000000
0.436300	0.948835	1.937331	2.231494	1.000000	1.000000	1.000000
0.436270	0.948806	1.937344	2.231564	1.000000	1.000000	1.000000
0.436288	0.948874	1.937273	2.231543	1.000000	1.000000	1.000000
0.436291	0.948845	1.937286	2.231614	1.000000	1.000000	1.000000
0.436309	0.948846	1.937273	2.231655	1.000000	1.000000	1.000000
0.436327	0.948817	1.937286	2.231726	1.000000	1.000000	1.000000
0.436329	0.948788	1.937300	2.231798	1.000000	1.000000	1.000000
0.436347	0.948790	1.937286	2.231839	1.000000	1.000000	1.000000
0.436366	0.948761	1.937299	2.231912	1.000000	1.000000	1.000000
0.436334	0.948731	1.937313	2.231985	1.000000	1.000000	1.000000
0.439649	0.948801	1.937239	2.231963	1.000000	1.000000	1.000000
0.439668	0.942180	1.943028	2.238281	1.000000	1.000000	1.000000
0.439687	0.942150	1.943042	2.238354	1.000000	1.000000	1.000000
0.439706	0.942119	1.943056	2.238428	1.000000	1.000000	1.000000
0.439674	0.942088	1.943070	2.238503	1.000000	1.000000	1.000000
0.439693	0.942159	1.942995	2.238482	1.000000	1.000000	1.000000
0.439609	0.942128	1.943009	2.238557	1.000000	1.000000	1.000000
0.439628	0.942303	1.942845	2.238439	1.000000	1.000000	1.000000
0.439596	0.942272	1.942859	2.238515	1.000000	1.000000	1.000000
0.439615	0.942344	1.942783	2.238493	1.000000	1.000000	1.000000
0.439530	0.942313	1.942797	2.238570	1.000000	1.000000	1.000000
0.456245	0.942491	1.942630	2.238449	1.000000	1.000000	1.000000
0.456265	0.909020	1.972037	2.270250	1.000000	1.000000	1.000000
0.456114	0.908988	1.972051	2.270324	1.000000	1.000000	1.000000
0.456134	0.909286	1.971792	2.270092	1.000000	1.000000	1.000000
0.455981	0.909254	1.971806	2.270167	1.000000	1.000000	1.000000
0.456002	0.909556	1.971543	2.269933	1.000000	1.000000	1.000000
0.455946	0.909523	1.971558	2.270008	1.000000	1.000000	1.000000
0.455966	0.909637	1.971451	2.269945	1.000000	1.000000	1.000000
0.455987	0.909604	1.971465	2.270021	1.000000	1.000000	1.000000
0.456008	0.909571	1.971480	2.270098	1.000000	1.000000	1.000000
0.456029	0.909538	1.971494	2.270175	1.000000	1.000000	1.000000
0.456050	0.909504	1.971509	2.270252	1.000000	1.000000	1.000000
0.456011	0.909470	1.971524	2.270330	1.000000	1.000000	1.000000
0.456033	0.909552	1.971442	2.270301	1.000000	1.000000	1.000000
0.455993	0.909518	1.971457	2.270379	1.000000	1.000000	1.000000
0.456015	0.909601	1.971375	2.270350	1.000000	1.000000	1.000000
0.456037	0.909567	1.971390	2.270429	1.000000	1.000000	1.000000
0.455997	0.909532	1.971405	2.270509	1.000000	1.000000	1.000000
0.456019	0.909616	1.971322	2.270479	1.000000	1.000000	1.000000
0.456041	0.909581	1.971337	2.270559	1.000000	1.000000	1.000000
0.456063	0.909546	1.971353	2.270640	1.000000	1.000000	1.000000
0.456022	0.909511	1.971368	2.270721	1.000000	1.000000	1.000000
0.455981	0.909597	1.971283	2.270691	1.000000	1.000000	1.000000
0.456003	0.909683	1.971198	2.270660	1.000000	1.000000	1.000000
0.456026	0.909647	1.971213	2.270742	1.000000	1.000000	1.000000
0.456049	0.909611	1.971229	2.270825	1.000000	1.000000	1.000000
0.456007	0.909575	1.971245	2.270909	1.000000	1.000000	1.000000
0.455900	0.909663	1.971158	2.270877	1.000000	1.000000	1.000000
0.455793	0.909877	1.970966	2.270730	1.000000	1.000000	1.000000
0.455685	0.910092	1.970773	2.270582	1.000000	1.000000	1.000000
0.455708	0.910308	1.970580	2.270432	1.000000	1.000000	1.000000
0.463659	0.910271	1.970596	2.270518	1.000000	1.000000	1.000000
0.463683	0.894142	1.984017	2.285519	1.000000	1.000000	1.000000
0.463632	0.894104	1.984034	2.285604	1.000000	1.000000	1.000000
0.463648	0.894208	1.983935	2.285560	1.000000	1.000000	1.000000
0.463597	0.894185	1.983940	2.285631	1.000000	1.000000	1.000000
0.463545	0.894289	1.983841	2.285586	1.000000	1.000000	1.000000
0.464297	0.894395	1.983741	2.285541	1.000000	1.000000	1.000000
0.464166	0.892980	1.984872	2.286886	1.000000	1.000000	1.000000
0.464175	0.893235	1.984651	2.286705	1.000000	1.000000	1.000000
0.464184	0.893226	1.984644	2.286763	1.000000	1.000000	1.000000
0.464209	0.893217	1.984637	2.286822	1.000000	1.000000	1.000000
0.464234	0.893177	1.984654	2.286911	1.000000	1.000000	1.000000
0.464242	0.893137	1.984671	2.287001	1.000000	1.000000	1.000000
0.464028	0.893129	1.984663	2.287060	1.000000	1.000000	1.000000
0.464053	0.893543	1.984313	2.286735	1.000000	1.000000	1.000000
0.464079	0.893502	1.984331	2.286826	1.000000	1.000000	1.000000
0.464105	0.893461	1.984349	2.286918	1.000000	1.000000	1.000000
0.464132	0.893420	1.984366	2.287010	1.000000	1.000000	1.000000
0.464158	0.893378	1.984384	2.287103	1.000000	1.000000	1.000000
0.464184	0.893337	1.984402	2.287196	1.000000	1.000000	1.000000
0.464211	0.893295	1.984420	2.287289	1.000000	1.000000	1.000000
0.464220	0.893253	1.984439	2.287383	1.000000	1.000000	1.000000
0.464247	0.893243	1.984431	2.287446	1.000000	1.000000	1.000000
0.466125	0.893201	1.984449	2.287541	1.000000	1.000000	1.000000
0.466153	0.889666	1.987290	2.290827	1.000000	1.000000	1.000000
0.480610	0.889623	1.987309	2.290923	1.000000	1.000000	1.000000
0.480598	0.861906	2.009858	2.316409	1.000000	1.000000	1.000000
0.480627	0.861934	2.009821	2.316435	1.000000	1.000000	1.000000
0.480655	0.861890	2.009840	2.316529	1.000000	1.000000	1.000000
0.480643	0.861845	2.009859	2.316624	1.000000	1.000000	1.000000
0.480672	0.861875	2.009821	2.316650	1.000000	1.000000	1.000000
0.480619	0.861830	2.009840	2.316746	1.000000	1.000000	1.000000
0.480607	0.861935	2.009744	2.316703	1.000000	1.000000	1.000000
0.492237	0.861964	2.009706	2.316730	1.000000	1.000000	1.000000
0.491963	0.839981	2.026869	2.336605	1.000000	1.000000	1.000000
0.491994	0.840476	2.026482	2.336221	1.000000	1.000000	1.000000
0.491927	0.840429	2.026501	2.336317	1.000000	1.000000	1.000000
0.491957	0.840556	2.026390	2.336259	1.000000	1.000000	1.000000
0.491988	0.840509	2.026409	2.336356	1.000000	1.000000	1.000000
0.492019	0.840462	2.026429	2.336453	1.000000	1.000000	1.000000
0.492050	0.840414	2.026449	2.336551	1.000000	1.000000	1.000000
0.491981	0.840366	2.026468	2.336649	1.000000	1.000000	1.000000
0.492012	0.840498	2.026353	2.336588	1.000000	1.000000	1.000000
0.492044	0.840449	2.026373	2.336688	1.000000	1.000000	1.000000
0.491974	0.840400	2.026393	2.336787	1.000000	1.000000	1.000000
0.492006	0.840533	2.026277	2.336726	1.000000	1.000000	1.000000
0.492038	0.840484	2.026297	2.336827	1.000000	1.000000	1.000000
0.491864	0.840435	2.026317	2.336928	1.000000	1.000000	1.000000
0.491896	0.840753	2.026061	2.336704	1.000000	1.000000	1.000000
0.492036	0.840703	2.026082	2.336806	1.000000	1.000000	1.000000
0.492069	0.840461	2.026248	2.337075	1.000000	1.000000	1.000000
0.484620	0.840411	2.026269	2.337178	1.000000	1.000000	1.000000
0.490679	0.854914	2.015313	2.324358	1.000000	1.000000	1.000000
0.492525	0.843080	2.024492	2.335059	1.000000	1.000000	1.000000
0.492558	0.839682	2.027058	2.338145	1.000000	1.000000	1.000000
0.492477	0.839631	2.027079	2.338249	1.000000	1.000000	1.000000
0.492397	0.839782	2.026948	2.338174	1.000000	1.000000	1.000000
0.492431	0.839933	2.026816	2.338099	1.000000	1.000000	1.000000
0.492464	0.839882	2.026838	2.338205	1.000000	1.000000	1.000000
0.492383	0.839830	2.026859	2.338311	1.000000	1.000000	1.000000
0.492189	0.839982	2.026727	2.338236	1.000000	1.000000	1.000000
0.492223	0.840336	2.026441	2.337982	1.000000	1.000000	1.000000
0.492257	0.840284	2.026463	2.338089	1.000000	1.000000	1.000000
0.479380	0.840231	2.026485	2.338198	1.000000	1.000000	1.000000
0.479411	0.864591	2.007805	2.316470	1.000000	1.000000	1.000000
0.479416	0.864541	2.007827	2.316577	1.000000	1.000000	1.000000
0.479123	0.864541	2.007809	2.316636	1.000000	1.000000	1.000000
0.479047	0.865083	2.007357	2.316204	1.000000	1.000000	1.000000
0.479059	0.865231	2.007220	2.316132	1.000000	1.000000	1.000000
0.478982	0.865218	2.007213	2.316204	1.000000	1.000000	1.000000
0.478904	0.865367	2.007075	2.316132	1.000000	1.000000	1.000000
0.478937	0.865516	2.006936	2.316059	1.000000	1.000000	1.000000
0.478971	0.865465	2.006958	2.316169	1.000000	1.000000	1.000000
0.496237	0.865414	2.006981	2.316281	1.000000	1.000000	1.000000
0.496148	0.833628	2.032952	2.345581	1.000000	1.000000	1.000000
0.496182	0.833794	2.032806	2.345493	1.000000	1.000000	1.000000
0.496092	0.833741	2.032829	2.345601	1.000000	1.000000	1.000000
0.496126	0.833908	2.032682	2.345512	1.000000	1.000000	1.000000
0.495993	0.833855	2.032704	2.345621	1.000000	1.000000	1.000000
0.495646	0.834097	2.032502	2.345458	1.000000	1.000000	1.000000
0.495553	0.834714	2.032008	2.344966	1.000000	1.000000	1.000000
0.495332	0.834885	2.031858	2.344875	1.000000	1.000000	1.000000
0.495321	0.835283	2.031532	2.344581	1.000000	1.000000	1.000000
0.494967	0.835310	2.031493	2.344617	1.000000	1.000000	1.000000
0.495003	0.835940	2.030988	2.344115	1.000000	1.000000	1.000000
0.494908	0.835885	2.031011	2.344227	1.000000	1.000000	1.000000
0.494550	0.836061	2.030856	2.344134	1.000000	1.000000	1.000000
0.494454	0.836700	2.030343	2.343624	1.000000	1.000000	1.000000
0.494460	0.836876	2.030186	2.343530	1.000000	1.000000	1.000000
0.494364	0.836874	2.030170	2.343594	1.000000	1.000000	1.000000
0.494134	0.837052	2.030013	2.343499	1.000000	1.000000	1.000000
0.494037	0.837467	2.029672	2.343192	1.000000	1.000000	1.000000
0.493939	0.837646	2.029513	2.343097	1.000000	1.000000	1.000000
0.493977	0.837826	2.029353	2.343001	1.000000	1.000000	1.000000
0.494015	0.837769	2.029378	2.343119	1.000000	1.000000	1.000000
0.494052	0.837712	2.029402	2.343238	1.000000	1.000000	1.000000
0.494090	0.837654	2.029427	2.343357	1.000000	1.000000	1.000000
0.494088	0.837596	2.029452	2.343477	1.000000	1.000000	1.000000
0.493849	0.837609	2.029424	2.343527	1.000000	1.000000	1.000000
0.493749	0.838039	2.029070	2.343209	1.000000	1.000000	1.000000
0.493788	0.838224	2.028905	2.343110	1.000000	1.000000	1.000000
0.493827	0.838165	2.028931	2.343232	1.000000	1.000000	1.000000
0.493855	0.838106	2.028956	2.343355	1.000000	1.000000	1.000000
0.493753	0.838065	2.028968	2.343458	1.000000	1.000000	1.000000
0.493509	0.838254	2.028800	2.343358	1.000000	1.000000	1.000000
0.493187	0.838694	2.028437	2.343033	1.000000	1.000000	1.000000
0.493087	0.839270	2.027969	2.342582	1.000000	1.000000	1.000000
0.493154	0.839457	2.027803	2.342485	1.000000	1.000000	1.000000
0.493194	0.839349	2.027867	2.342650	1.000000	1.000000	1.000000
0.493255	0.839287	2.027893	2.342777	1.000000	1.000000	1.000000
0.493296	0.839188	2.027950	2.342935	1.000000	1.000000	1.000000
0.493337	0.839126	2.027977	2.343063	1.000000	1.000000	1.000000
0.493405	0.839064	2.028004	2.343192	1.000000	1.000000	1.000000
0.493446	0.838952	2.028072	2.343359	1.000000	1.000000	1.000000
0.493193	0.838889	2.028099	2.343489	1.000000	1.000000	1.000000
0.493235	0.839346	2.027721	2.343152	1.000000	1.000000	1.000000
0.493298	0.839283	2.027748	2.343284	1.000000	1.000000	1.000000
0.493191	0.839181	2.027806	2.343446	1.000000	1.000000	1.000000
0.493233	0.839379	2.027629	2.343343	1.000000	1.000000	1.000000
0.491289	0.839315	2.027657	2.343477	1.000000	1.000000	1.000000
0.491328	0.842794	2.024925	2.340418	1.000000	1.000000	1.000000
0.491370	0.842733	2.024951	2.340550	1.000000	1.000000	1.000000
0.491410	0.842668	2.024979	2.340686	1.000000	1.000000	1.000000
0.491451	0.842605	2.025005	2.340820	1.000000	1.000000	1.000000
0.491451	0.842541	2.025032	2.340955	1.000000	1.000000	1.000000
0.491375	0.842551	2.025001	2.341024	1.000000	1.000000	1.000000
0.491409	0.842701	2.024860	2.340968	1.000000	1.000000	1.000000
0.491450	0.842651	2.024876	2.341092	1.000000	1.000000	1.000000
0.491492	0.842586	2.024903	2.341229	1.000000	1.000000	1.000000
0.491443	0.842521	2.024930	2.341368	1.000000	1.000000	1.000000
0.491431	0.842622	2.024827	2.341357	1.000000	1.000000	1.000000
0.491473	0.842654	2.024778	2.341408	1.000000	1.000000	1.000000
0.491516	0.842588	2.024805	2.341548	1.000000	1.000000	1.000000
0.491559	0.842522	2.024833	2.341690	1.000000	1.000000	1.000000
0.446250	0.842455	2.024861	2.341832	1.000000	1.000000	1.000000
0.446344	0.931703	1.940817	2.254613	1.000000	1.000000	1.000000
0.446436	0.931635	1.940879	2.254728	1.000000	1.000000	1.000000
0.440952	0.931568	1.940940	2.254842	1.000000	1.000000	1.000000
0.440923	0.939058	1.932581	2.247035	1.000000	1.000000	1.000000
0.440941	0.939119	1.932498	2.247015	1.000000	1.000000	1.000000
0.440911	0.939092	1.932514	2.247087	1.000000	1.000000	1.000000
0.451066	0.939154	1.932430	2.247067	1.000000	1.000000	1.000000
0.451084	0.919333	1.954703	2.267948	1.000000	1.000000	1.000000
0.451102	0.919306	1.954719	2.268020	1.000000	1.000000	1.000000
0.452669	0.919278	1.954734	2.268092	1.000000	1.000000	1.000000
0.455087	0.916383	1.957852	2.271133	1.000000	1.000000	1.000000
0.455074	0.911923	1.962635	2.275784	1.000000	1.000000	1.000000
0.454932	0.911953	1.962589	2.275796	1.000000	1.000000	1.000000
0.454897	0.912222	1.962288	2.275564	1.000000	1.000000	1.000000
0.454916	0.912293	1.962198	2.275535	1.000000	1.000000	1.000000
0.463869	0.912264	1.962214	2.275609	1.000000	1.000000	1.000000
0.463888	0.894991	1.980595	2.293428	1.000000	1.000000	1.000000
0.463908	0.894961	1.980612	2.293502	1.000000	1.000000	1.000000
0.463928	0.894931	1.980628	2.293576	1.000000	1.000000	1.000000
0.463948	0.894901	1.980645	2.293650	1.000000	1.000000	1.000000
0.463968	0.894871	1.980661	2.293725	1.000000	1.000000	1.000000
0.463926	0.894841	1.980678	2.293801	1.000000	1.000000	1.000000
0.464439	0.894922	1.980579	2.293762	1.000000	1.000000	1.000000
0.464450	0.894000	1.981515	2.294743	1.000000	1.000000	1.000000
0.464471	0.893985	1.981517	2.294801	1.000000	1.000000	1.000000
0.464428	0.893953	1.981534	2.294878	1.000000	1.000000	1.000000
0.464448	0.894038	1.981432	2.294838	1.000000	1.000000	1.000000
0.464469	0.894007	1.981449	2.294916	1.000000	1.000000	1.000000
0.464490	0.893975	1.981467	2.294994	1.000000	1.000000	1.000000
0.464316	0.893943	1.981484	2.295072	1.000000	1.000000	1.000000
0.464272	0.894265	1.981138	2.294792	1.000000	1.000000	1.000000
0.464228	0.894352	1.981034	2.294751	1.000000	1.000000	1.000000
0.466878	0.894438	1.980929	2.294711	1.000000	1.000000	1.000000
0.469930	0.889655	1.985836	2.299608	1.000000	1.000000	1.000000
0.475172	0.884167	1.991415	2.305202	1.000000	1.000000	1.000000
0.475344	0.876790	1.998840	2.312672	1.000000	1.000000	1.000000
0.464079	0.876687	1.998926	2.312822	1.000000	1.000000	1.000000
0.464094	0.894818	1.980888	2.294725	1.000000	1.000000	1.000000
0.464116	0.894796	1.980897	2.294790	1.000000	1.000000	1.000000
0.464137	0.894763	1.980914	2.294871	1.000000	1.000000	1.000000
0.464026	0.894731	1.980932	2.294952	1.000000	1.000000	1.000000
0.464047	0.894940	1.980701	2.294788	1.000000	1.000000	1.000000
0.467200	0.894907	1.980720	2.294870	1.000000	1.000000	1.000000
0.470492	0.889217	1.986563	2.300686	1.000000	1.000000	1.000000
0.470514	0.883300	1.992574	2.306711	1.000000	1.000000	1.000000
0.470537	0.883266	1.992592	2.306794	1.000000	1.000000	1.000000
0.470559	0.883232	1.992610	2.306877	1.000000	1.000000	1.000000
0.477318	0.883197	1.992629	2.306960	1.000000	1.000000	1.000000
0.473251	0.875274	2.000587	2.314973	1.000000	1.000000	1.000000
0.487153	0.878390	1.997483	2.311908	1.000000	1.000000	1.000000
0.487101	0.852997	2.022792	2.337380	1.000000	1.000000	1.000000
0.486971	0.853095	2.022683	2.337331	1.000000	1.000000	1.000000
0.486995	0.853328	2.022447	2.337149	1.000000	1.000000	1.000000
0.486942	0.853292	2.022466	2.337232	1.000000	1.000000	1.000000
0.486888	0.853392	2.022356	2.337182	1.000000	1.000000	1.000000
0.486912	0.853492	2.022245	2.337132	1.000000	1.000000	1.000000
0.486937	0.853455	2.022264	2.337216	1.000000	1.000000	1.000000
0.486882	0.853418	2.022283	2.337300	1.000000	1.000000	1.000000
0.486907	0.853520	2.022170	2.337249	1.000000	1.000000	1.000000
0.486932	0.853483	2.022189	2.337334	1.000000	1.000000	1.000000
0.486957	0.853446	2.022209	2.337420	1.000000	1.000000	1.000000
0.486902	0.853408	2.022228	2.337506	1.000000	1.000000	1.000000
0.486846	0.853512	2.022113	2.337454	1.000000	1.000000	1.000000
0.491903	0.853616	2.021998	2.337401	1.000000	1.000000	1.000000
0.492157	0.843811	2.031303	2.347073	1.000000	1.000000	1.000000
0.492183	0.843377	2.031694	2.347539	1.000000	1.000000	1.000000
0.492210	0.843338	2.031714	2.347627	1.000000	1.000000	1.000000
0.492236	0.843299	2.031734	2.347715	1.000000	1.000000	1.000000
0.492263	0.843259	2.031754	2.347804	1.000000	1.000000	1.000000
0.492290	0.843220	2.031775	2.347893	1.000000	1.000000	1.000000
0.476017	0.843180	2.031795	2.347983	1.000000	1.000000	1.000000
0.471514	0.876769	2.000260	2.315237	1.000000	1.000000	1.000000
0.471537	0.881940	1.995065	2.310100	1.000000	1.000000	1.000000
0.471490	0.881905	1.995084	2.310186	1.000000	1.000000	1.000000
0.471465	0.881997	1.994975	2.310144	1.000000	1.000000	1.000000
0.471417	0.882047	1.994908	2.310143	1.000000	1.000000	1.000000
0.471441	0.882140	1.994797	2.310100	1.000000	1.000000	1.000000
0.471465	0.882104	1.994816	2.310188	1.000000	1.000000	1.000000
0.471416	0.882068	1.994836	2.310276	1.000000	1.000000	1.000000
0.471441	0.882162	1.994723	2.310233	1.000000	1.000000	1.000000
0.471465	0.882125	1.994743	2.310322	1.000000	1.000000	1.000000
0.471490	0.882089	1.994763	2.310412	1.000000	1.000000	1.000000
0.471514	0.882052	1.994783	2.310502	1.000000	1.000000	1.000000
0.471390	0.882014	1.994803	2.310592	1.000000	1.000000	1.000000
0.471339	0.882245	1.994552	2.310413	1.000000	1.000000	1.000000
0.471364	0.882343	1.994436	2.310368	1.000000	1.000000	1.000000
0.471161	0.882305	1.994456	2.310460	1.000000	1.000000	1.000000
0.471034	0.882677	1.994062	2.310140	1.000000	1.000000	1.000000
0.471059	0.882913	1.993805	2.309956	1.000000	1.000000	1.000000
0.471085	0.882875	1.993826	2.310049	1.000000	1.000000	1.000000
0.471110	0.882836	1.993847	2.310143	1.000000	1.000000	1.000000
0.471085	0.882798	1.993868	2.310237	1.000000	1.000000	1.000000
0.471111	0.882851	1.993796	2.310237	1.000000	1.000000	1.000000
0.471058	0.882812	1.993817	2.310332	1.000000	1.000000	1.000000
0.471084	0.882914	1.993695	2.310285	1.000000	1.000000	1.000000
0.485810	0.882875	1.993717	2.310381	1.000000	1.000000	1.000000
0.485838	0.855967	2.020946	2.337513	1.000000	1.000000	1.000000
0.485865	0.855927	2.020967	2.337606	1.000000	1.000000	1.000000
0.485892	0.855886	2.020989	2.337700	1.000000	1.000000	1.000000
0.485831	0.855845	2.021010	2.337794	1.000000	1.000000	1.000000
0.485798	0.855960	2.020882	2.337736	1.000000	1.000000	1.000000
0.485826	0.856023	2.020804	2.337726	1.000000	1.000000	1.000000
0.485793	0.855982	2.020826	2.337822	1.000000	1.000000	1.000000
0.485821	0.856046	2.020747	2.337812	1.000000	1.000000	1.000000
0.485758	0.856004	2.020769	2.337909	1.000000	1.000000	1.000000
0.485787	0.856121	2.020637	2.337849	1.000000	1.000000	1.000000
0.485723	0.856079	2.020659	2.337946	1.000000	1.000000	1.000000
0.485566	0.856198	2.020527	2.337885	1.000000	1.000000	1.000000
0.485595	0.856480	2.020237	2.337664	1.000000	1.000000	1.000000
0.485623	0.856437	2.020260	2.337763	1.000000	1.000000	1.000000
0.485652	0.856394	2.020282	2.337863	1.000000	1.000000	1.000000
0.485556	0.856350	2.020305	2.337963	1.000000	1.000000	1.000000
0.485490	0.856526	2.020119	2.337844	1.000000	1.000000	1.000000
0.485328	0.856649	2.019981	2.337781	1.000000	1.000000	1.000000
0.497093	0.856940	2.019682	2.337553	1.000000	1.000000	1.000000
0.502588	0.835648	2.040194	2.358599	0.085875	1.000000	1.000000
0.502619	0.826317	2.048810	2.367698	0.085856	1.000000	1.000000
0.502650	0.826271	2.048833	2.367799	0.085837	1.000000	1.000000
0.502682	0.826225	2.048856	2.367899	0.085819	1.000000	1.000000
0.502713	0.826178	2.048879	2.368000	0.085800	1.000000	1.000000
0.502745	0.826132	2.048903	2.368102	0.085781	1.000000	1.000000
0.502668	0.826085	2.048927	2.368204	0.085834	1.000000	1.000000
0.502591	0.826222	2.048783	2.368129	0.085888	1.000000	1.000000
0.502513	0.826361	2.048638	2.368054	0.085942	1.000000	1.000000
0.502545	0.826500	2.048492	2.367978	0.085922	1.000000	1.000000
0.502578	0.826453	2.048516	2.368082	0.085903	1.000000	1.000000
0.502611	0.826405	2.048540	2.368187	0.085883	1.000000	1.000000
0.502644	0.826356	2.048564	2.368292	0.085863	1.000000	1.000000
0.502677	0.826308	2.048589	2.368398	0.085844	1.000000	1.000000
0.502596	0.826259	2.048614	2.368504	0.085899	1.000000	1.000000
0.502402	0.826402	2.048463	2.368426	0.086032	1.000000	1.000000
0.502435	0.826741	2.048136	2.368161	0.086012	1.000000	1.000000
0.524432	0.826691	2.048161	2.368269	0.047622	1.000000	1.000000
0.524467	0.788270	2.083532	2.405473	0.047617	1.000000	1.000000
0.524502	0.788220	2.083556	2.405574	0.047612	1.000000	1.000000
0.524560	0.788170	2.083581	2.405676	0.047604	1.000000	1.000000
0.524450	0.788081	2.083639	2.405810	0.047621	1.000000	1.000000
0.511115	0.788266	2.083464	2.405693	0.062600	1.000000	1.000000
0.511148	0.811390	2.063591	2.384022	0.062586	1.000000	1.000000
0.511053	0.811343	2.063615	2.384123	0.062631	1.000000	1.000000
0.511086	0.811507	2.063448	2.384022	0.062618	1.000000	1.000000
0.511070	0.811459	2.063472	2.384124	0.062627	1.000000	1.000000
0.510973	0.811492	2.063425	2.384146	0.062672	1.000000	1.000000
0.511007	0.811659	2.063255	2.384044	0.062658	1.000000	1.000000
0.510909	0.811610	2.063280	2.384148	0.062705	1.000000	1.000000
0.510943	0.811779	2.063109	2.384044	0.062691	1.000000	1.000000
0.515755	0.811729	2.063134	2.384149	0.060645	1.000000	1.000000
0.515789	0.803800	2.070256	2.391802	0.060633	1.000000	1.000000
0.515694	0.803749	2.070282	2.391907	0.060672	1.000000	1.000000
0.531974	0.803913	2.070117	2.391809	0.046584	1.000000	1.000000
0.531721	0.776528	2.094576	2.418013	0.046616	1.000000	1.000000
0.531757	0.776938	2.094211	2.417686	0.046612	1.000000	1.000000
0.531794	0.776886	2.094236	2.417790	0.046608	1.000000	1.000000
0.531831	0.776834	2.094262	2.417894	0.046603	1.000000	1.000000
0.531720	0.776781	2.094287	2.417999	0.046618	1.000000	1.000000
0.531757	0.776964	2.094114	2.417884	0.046613	1.000000	1.000000
0.531795	0.776911	2.094139	2.417990	0.046609	1.000000	1.000000
0.531832	0.776858	2.094165	2.418096	0.046604	1.000000	1.000000
0.541226	0.776804	2.094191	2.418203	0.040144	1.000000	1.000000
0.541266	0.760773	2.107784	2.433234	0.040142	1.000000	1.000000
0.540771	0.760718	2.107811	2.433341	0.042603	1.000000	1.000000
0.540835	0.761495	2.107153	2.432681	0.042598	1.000000	1.000000
0.540697	0.761402	2.107212	2.432819	0.042610	1.000000	1.000000
0.540560	0.761623	2.107011	2.432672	0.042621	1.000000	1.000000
0.540600	0.761844	2.106810	2.432526	0.042618	1.000000	1.000000
0.540641	0.761787	2.106837	2.432635	0.042615	1.000000	1.000000
0.540719	0.761730	2.106865	2.432745	0.042608	1.000000	1.000000
0.540398	0.761613	2.106943	2.432907	0.042635	1.000000	1.000000
0.540439	0.762122	2.106505	2.432497	0.042632	1.000000	1.000000
0.540481	0.762064	2.106532	2.432608	0.042628	1.000000	1.000000
0.540522	0.762006	2.106560	2.432721	0.042625	1.000000	1.000000
0.540381	0.761948	2.106588	2.432834	0.042637	1.000000	1.000000
0.540423	0.762174	2.106381	2.432684	0.042634	1.000000	1.000000
0.540466	0.762115	2.106410	2.432798	0.042630	1.000000	1.000000
0.540508	0.762056	2.106438	2.432913	0.042627	1.000000	1.000000
0.539994	0.761997	2.106466	2.433028	0.042670	1.000000	1.000000
0.539862	0.762808	2.105777	2.432341	0.042681	1.000000	1.000000
0.539904	0.763022	2.105580	2.432204	0.042678	1.000000	1.000000
0.540112	0.762962	2.105609	2.432321	0.042660	1.000000	1.000000
0.539974	0.762643	2.105854	2.432672	0.042672	1.000000	1.000000
0.539841	0.762866	2.105649	2.432528	0.042684	1.000000	1.000000
0.539713	0.763082	2.105449	2.432391	0.042695	1.000000	1.000000
0.487371	0.763290	2.105256	2.432262	1.000000	1.000000	1.000000
0.487336	0.853317	2.018952	2.343695	1.000000	1.000000	1.000000
0.487352	0.853380	2.018869	2.343661	1.000000	1.000000	1.000000
0.487317	0.853357	2.018883	2.343717	1.000000	1.000000	1.000000
0.487282	0.853420	2.018799	2.343683	1.000000	1.000000	1.000000
0.487298	0.853483	2.018714	2.343648	1.000000	1.000000	1.000000
0.487242	0.853460	2.018729	2.343706	1.000000	1.000000	1.000000
0.487258	0.853558	2.018605	2.343633	1.000000	1.000000	1.000000
0.487222	0.853535	2.018619	2.343690	1.000000	1.000000	1.000000
0.487165	0.853599	2.018533	2.343655	1.000000	1.000000	1.000000
0.487182	0.853698	2.018407	2.343581	1.000000	1.000000	1.000000
0.487198	0.853675	2.018422	2.343640	1.000000	1.000000	1.000000
0.487178	0.853651	2.018437	2.343699	1.000000	1.000000	1.000000
0.487088	0.853689	2.018380	2.343691	1.000000	1.000000	1.000000
0.493848	0.853846	2.018187	2.343559	1.000000	1.000000	1.000000
0.493743	0.841544	2.032324	2.356641	1.000000	1.000000	1.000000
0.493761	0.841722	2.032112	2.356487	1.000000	1.000000	1.000000
0.493778	0.841697	2.032127	2.356548	1.000000	1.000000	1.000000
0.493802	0.841672	2.032143	2.356608	1.000000	1.000000	1.000000
0.493825	0.841637	2.032171	2.356678	1.000000	1.000000	1.000000
0.493843	0.841602	2.032198	2.356747	1.000000	1.000000	1.000000
0.493861	0.841577	2.032214	2.356808	1.000000	1.000000	1.000000
0.493815	0.841551	2.032229	2.356870	1.000000	1.000000	1.000000
0.493833	0.841631	2.032127	2.356821	1.000000	1.000000	1.000000
0.493851	0.841605	2.032143	2.356884	1.000000	1.000000	1.000000
0.493870	0.841579	2.032159	2.356946	1.000000	1.000000	1.000000
0.493823	0.841553	2.032175	2.357009	1.000000	1.000000	1.000000
0.493842	0.841634	2.032071	2.356960	1.000000	1.000000	1.000000
0.493795	0.841608	2.032087	2.357023	1.000000	1.000000	1.000000
0.493813	0.841690	2.031982	2.356973	1.000000	1.000000	1.000000
0.493766	0.841663	2.031999	2.357037	1.000000	1.000000	1.000000
0.493785	0.841746	2.031893	2.356987	1.000000	1.000000	1.000000
0.493811	0.841719	2.031909	2.357052	1.000000	1.000000	1.000000
0.493255	0.841680	2.031941	2.357128	1.000000	1.000000	1.000000
0.493145	0.842609	2.030885	2.356187	1.000000	1.000000	1.000000
0.493225	0.842797	2.030661	2.356027	1.000000	1.000000	1.000000
0.493179	0.842667	2.030794	2.356196	1.000000	1.000000	1.000000
0.493228	0.842748	2.030690	2.356149	1.000000	1.000000	1.000000
0.493182	0.842671	2.030763	2.356266	1.000000	1.000000	1.000000
0.493201	0.842753	2.030658	2.356218	1.000000	1.000000	1.000000
0.493154	0.842725	2.030675	2.356285	1.000000	1.000000	1.000000
0.493042	0.842807	2.030569	2.356238	1.000000	1.000000	1.000000
0.493062	0.842998	2.030339	2.356075	1.000000	1.000000	1.000000
0.493082	0.842970	2.030357	2.356143	1.000000	1.000000	1.000000
0.493102	0.842942	2.030374	2.356212	1.000000	1.000000	1.000000
0.493055	0.842913	2.030392	2.356281	1.000000	1.000000	1.000000
0.493008	0.842996	2.030285	2.356234	1.000000	1.000000	1.000000
0.492962	0.843078	2.030178	2.356187	1.000000	1.000000	1.000000
0.492982	0.843160	2.030071	2.356141	1.000000	1.000000	1.000000
0.493003	0.843131	2.030089	2.356211	1.000000	1.000000	1.000000
0.492889	0.843102	2.030107	2.356282	1.000000	1.000000	1.000000
0.488735	0.843296	2.029873	2.356118	1.000000	1.000000	1.000000
0.488755	0.851279	2.020883	2.347767	1.000000	1.000000	1.000000
0.488775	0.851250	2.020901	2.347839	1.000000	1.000000	1.000000
0.488731	0.851221	2.020919	2.347911	1.000000	1.000000	1.000000
0.488751	0.851300	2.020813	2.347869	1.000000	1.000000	1.000000
0.488577	0.851271	2.020832	2.347941	1.000000	1.000000	1.000000
0.488598	0.851570	2.020475	2.347667	1.000000	1.000000	1.000000
0.488487	0.851540	2.020493	2.347740	1.000000	1.000000	1.000000
0.488442	0.851732	2.020258	2.347580	1.000000	1.000000	1.000000
0.488463	0.851813	2.020150	2.347536	1.000000	1.000000	1.000000
0.488417	0.851783	2.020168	2.347610	1.000000	1.000000	1.000000
0.488371	0.851865	2.020058	2.347566	1.000000	1.000000	1.000000
0.488392	0.851948	2.019948	2.347522	1.000000	1.000000	1.000000
0.488278	0.851917	2.019967	2.347597	1.000000	1.000000	1.000000
0.488095	0.852115	2.019724	2.347431	1.000000	1.000000	1.000000
0.488116	0.852430	2.019348	2.347143	1.000000	1.000000	1.000000
0.492380	0.852399	2.019368	2.347219	1.000000	1.000000	1.000000
0.492401	0.844259	2.028671	2.355871	1.000000	1.000000	1.000000
0.492255	0.844227	2.028690	2.355948	1.000000	1.000000	1.000000
0.492277	0.844480	2.028390	2.355727	1.000000	1.000000	1.000000
0.492201	0.844448	2.028409	2.355804	1.000000	1.000000	1.000000
0.492181	0.844581	2.028243	2.355709	1.000000	1.000000	1.000000
0.477787	0.844622	2.028181	2.355712	1.000000	1.000000	1.000000
0.477696	0.870143	1.999666	2.329016	1.000000	1.000000	1.000000
0.477663	0.870305	1.999459	2.328887	1.000000	1.000000	1.000000
0.477684	0.870367	1.999369	2.328865	1.000000	1.000000	1.000000
0.477705	0.870337	1.999388	2.328943	1.000000	1.000000	1.000000
0.477726	0.870307	1.999407	2.329021	1.000000	1.000000	1.000000
0.477747	0.870276	1.999427	2.329099	1.000000	1.000000	1.000000
0.477712	0.870245	1.999446	2.329178	1.000000	1.000000	1.000000
0.477734	0.870311	1.999352	2.329154	1.000000	1.000000	1.000000
0.477699	0.870280	1.999372	2.329233	1.000000	1.000000	1.000000
0.477721	0.870345	1.999278	2.329210	1.000000	1.000000	1.000000
0.477742	0.870314	1.999298	2.329290	1.000000	1.000000	1.000000
0.477708	0.870282	1.999318	2.329371	1.000000	1.000000	1.000000
0.477618	0.870348	1.999223	2.329347	1.000000	1.000000	1.000000
0.477640	0.870509	1.999016	2.329223	1.000000	1.000000	1.000000
0.477608	0.870477	1.999037	2.329305	1.000000	1.000000	1.000000
0.477474	0.870537	1.998948	2.329288	1.000000	1.000000	1.000000
0.477496	0.870776	1.998649	2.329081	1.000000	1.000000	1.000000
0.477379	0.870744	1.998669	2.329163	1.000000	1.000000	1.000000
0.477401	0.870954	1.998404	2.328988	1.000000	1.000000	1.000000
0.477423	0.870922	1.998425	2.329071	1.000000	1.000000	1.000000
0.477445	0.870889	1.998445	2.329155	1.000000	1.000000	1.000000
0.477604	0.870856	1.998466	2.329240	1.000000	1.000000	1.000000
0.477521	0.870587	1.998766	2.329573	1.000000	1.000000	1.000000
0.477496	0.870736	1.998572	2.329463	1.000000	1.000000	1.000000
0.477472	0.870787	1.998495	2.329460	1.000000	1.000000	1.000000
0.477495	0.870834	1.998421	2.329460	1.000000	1.000000	1.000000
0.477652	0.870800	1.998442	2.329547	1.000000	1.000000	1.000000
0.477675	0.870535	1.998737	2.329877	1.000000	1.000000	1.000000
0.477642	0.870501	1.998759	2.329965	1.000000	1.000000	1.000000
0.467793	0.870564	1.998665	2.329948	1.000000	1.000000	1.000000
0.467745	0.888648	1.977483	2.310714	1.000000	1.000000	1.000000
0.467706	0.888738	1.977354	2.310668	1.000000	1.000000	1.000000
0.467658	0.888812	1.977248	2.310637	1.000000	1.000000	1.000000
0.467620	0.888903	1.977117	2.310590	1.000000	1.000000	1.000000
0.467571	0.888975	1.977012	2.310561	1.000000	1.000000	1.000000
0.467521	0.889068	1.976881	2.310514	1.000000	1.000000	1.000000
0.467545	0.889161	1.976748	2.310466	1.000000	1.000000	1.000000
0.467508	0.889126	1.976771	2.310557	1.000000	1.000000	1.000000
0.467502	0.889197	1.976667	2.310531	1.000000	1.000000	1.000000
0.467451	0.889214	1.976627	2.310564	1.000000	1.000000	1.000000
0.473441	0.889309	1.976492	2.310515	1.000000	1.000000	1.000000
0.473465	0.878917	1.989079	2.321795	1.000000	1.000000	1.000000
0.473490	0.878882	1.989102	2.321887	1.000000	1.000000	1.000000
0.473514	0.878846	1.989125	2.321980	1.000000	1.000000	1.000000
0.473391	0.878810	1.989148	2.322073	1.000000	1.000000	1.000000
0.477955	0.879031	1.988866	2.321891	1.000000	1.000000	1.000000
0.470710	0.870223	1.999291	2.331377	1.000000	1.000000	1.000000
0.470735	0.883765	1.983554	2.317038	1.000000	1.000000	1.000000
0.470759	0.883729	1.983577	2.317132	1.000000	1.000000	1.000000
0.470708	0.883693	1.983600	2.317226	1.000000	1.000000	1.000000
0.476755	0.883789	1.983465	2.317178	1.000000	1.000000	1.000000
0.476910	0.875824	1.992938	2.325779	1.000000	1.000000	1.000000
0.472115	0.875724	1.993036	2.325941	1.000000	1.000000	1.000000
0.471987	0.881381	1.986389	2.319965	1.000000	1.000000	1.000000
0.472013	0.881610	1.986097	2.319775	1.000000	1.000000	1.000000
0.472038	0.881573	1.986120	2.319872	1.000000	1.000000	1.000000
0.472064	0.881535	1.986144	2.319968	1.000000	1.000000	1.000000
0.472038	0.881498	1.986168	2.320065	1.000000	1.000000	1.000000
0.472064	0.881549	1.986087	2.320066	1.000000	1.000000	1.000000
0.476794	0.881511	1.986111	2.320164	1.000000	1.000000	1.000000
0.476807	0.872657	1.996573	2.329696	1.000000	1.000000	1.000000
0.480779	0.872678	1.996527	2.329731	1.000000	1.000000	1.000000
0.480715	0.865563	2.004770	2.337349	1.000000	1.000000	1.000000
0.480742	0.865680	2.004615	2.337283	1.000000	1.000000	1.000000
0.480677	0.865640	2.004640	2.337383	1.000000	1.000000	1.000000
0.480612	0.865758	2.004484	2.337316	1.000000	1.000000	1.000000
0.480453	0.865877	2.004327	2.337248	1.000000	1.000000	1.000000
0.480443	0.866156	2.003986	2.337012	1.000000	1.000000	1.000000
0.480471	0.866180	2.003939	2.337041	1.000000	1.000000	1.000000
0.480404	0.866139	2.003964	2.337143	1.000000	1.000000	1.000000
0.480433	0.866260	2.003804	2.337075	1.000000	1.000000	1.000000
0.480461	0.866218	2.003830	2.337179	1.000000	1.000000	1.000000
0.480490	0.866177	2.003856	2.337283	1.000000	1.000000	1.000000
0.480519	0.866135	2.003882	2.337387	1.000000	1.000000	1.000000
0.480451	0.866093	2.003908	2.337492	1.000000	1.000000	1.000000
0.480382	0.866217	2.003744	2.337422	1.000000	1.000000	1.000000
0.480314	0.866342	2.003579	2.337352	1.000000	1.000000	1.000000
0.480245	0.866467	2.003413	2.337282	1.000000	1.000000	1.000000
0.480077	0.866592	2.003247	2.337211	1.000000	1.000000	1.000000
0.480107	0.866887	2.002886	2.336962	1.000000	1.000000	1.000000
0.480137	0.866844	2.002913	2.337070	1.000000	1.000000	1.000000
0.480066	0.866800	2.002940	2.337179	1.000000	1.000000	1.000000
0.479896	0.866928	2.002770	2.337107	1.000000	1.000000	1.000000
0.479625	0.867228	2.002403	2.336854	1.000000	1.000000	1.000000
0.479655	0.867700	2.001837	2.336418	1.000000	1.000000	1.000000
0.479686	0.867656	2.001865	2.336530	1.000000	1.000000	1.000000
0.479615	0.867612	2.001893	2.336641	1.000000	1.000000	1.000000
0.479544	0.867740	2.001721	2.336570	1.000000	1.000000	1.000000
0.479575	0.867870	2.001549	2.336498	1.000000	1.000000	1.000000
0.479607	0.867825	2.001577	2.336612	1.000000	1.000000	1.000000
0.479638	0.867779	2.001605	2.336725	1.000000	1.000000	1.000000
0.479669	0.867734	2.001633	2.336840	1.000000	1.000000	1.000000
0.479492	0.867688	2.001662	2.336955	1.000000	1.000000	1.000000
0.479524	0.867999	2.001280	2.336693	1.000000	1.000000	1.000000
0.479556	0.867953	2.001309	2.336809	1.000000	1.000000	1.000000
0.479272	0.867906	2.001338	2.336925	1.000000	1.000000	1.000000
0.479200	0.868401	2.000743	2.336470	1.000000	1.000000	1.000000
0.479255	0.868534	2.000566	2.336398	1.000000	1.000000	1.000000
0.479182	0.868448	2.000642	2.336555	1.000000	1.000000	1.000000
0.479215	0.868581	2.000464	2.336483	1.000000	1.000000	1.000000
0.479248	0.868533	2.000493	2.336602	1.000000	1.000000	1.000000
0.479068	0.868485	2.000523	2.336723	1.000000	1.000000	1.000000
0.478995	0.868803	2.000131	2.336456	1.000000	1.000000	1.000000
0.473096	0.868937	1.999952	2.336386	1.000000	1.000000	1.000000
0.473031	0.880128	1.987051	2.324617	1.000000	1.000000	1.000000
0.472998	0.880250	1.986881	2.324558	1.000000	1.000000	1.000000
0.472834	0.880318	1.986777	2.324556	1.000000	1.000000	1.000000
0.472867	0.880612	1.986404	2.324314	1.000000	1.000000	1.000000
0.472899	0.880564	1.986435	2.324438	1.000000	1.000000	1.000000
0.472933	0.880516	1.986465	2.324562	1.000000	1.000000	1.000000
0.472966	0.880467	1.986496	2.324686	1.000000	1.000000	1.000000
0.472898	0.880418	1.986527	2.324812	1.000000	1.000000	1.000000
0.472932	0.880545	1.986351	2.324751	1.000000	1.000000	1.000000
0.472966	0.880495	1.986382	2.324878	1.000000	1.000000	1.000000
0.473000	0.880446	1.986414	2.325005	1.000000	1.000000	1.000000
0.473034	0.880396	1.986445	2.325133	1.000000	1.000000	1.000000
0.473068	0.880346	1.986477	2.325261	1.000000	1.000000	1.000000
0.473102	0.880296	1.986508	2.325390	1.000000	1.000000	1.000000
0.473137	0.880246	1.986540	2.325520	1.000000	1.000000	1.000000
0.473172	0.880195	1.986572	2.325651	1.000000	1.000000	1.000000
0.473101	0.880144	1.986605	2.325782	1.000000	1.000000	1.000000
0.473137	0.880276	1.986421	2.325718	1.000000	1.000000	1.000000
0.473172	0.880224	1.986454	2.325851	1.000000	1.000000	1.000000
0.473135	0.880173	1.986487	2.325984	1.000000	1.000000	1.000000
0.473063	0.880247	1.986372	2.325981	1.000000	1.000000	1.000000
0.472991	0.880381	1.986185	2.325916	1.000000	1.000000	1.000000
0.472918	0.880517	1.985996	2.325851	1.000000	1.000000	1.000000
0.472954	0.880653	1.985807	2.325785	1.000000	1.000000	1.000000
0.472881	0.880600	1.985840	2.325922	1.000000	1.000000	1.000000
0.472918	0.880738	1.985649	2.325855	1.000000	1.000000	1.000000
0.472843	0.880684	1.985683	2.325993	1.000000	1.000000	1.000000
0.472769	0.880824	1.985489	2.325926	1.000000	1.000000	1.000000
0.472806	0.880964	1.985295	2.325858	1.000000	1.000000	1.000000
0.472731	0.880909	1.985329	2.325998	1.000000	1.000000	1.000000
0.498823	0.881051	1.985132	2.325930	1.000000	1.000000	1.000000
0.498729	0.834764	2.037575	2.374617	1.000000	1.000000	1.000000
0.512259	0.834931	2.037379	2.374517	0.062346	1.000000	1.000000
0.511999	0.811531	2.061448	2.398256	0.062467	1.000000	1.000000
0.526535	0.811963	2.061000	2.397894	0.052195	1.000000	1.000000
0.526626	0.793266	2.079356	2.416521	0.052183	1.000000	1.000000
0.523199	0.793176	2.079417	2.416674	0.052171	1.000000	1.000000
0.548271	0.793087	2.079478	2.416826	0.039620	1.000000	1.000000
0.547961	0.752548	2.118125	2.456637	0.039639	1.000000	1.000000
0.547763	0.753029	2.117683	2.456240	0.039651	1.000000	1.000000
0.547270	0.753338	2.117393	2.456000	0.039681	1.000000	1.000000
0.547312	0.754100	2.116704	2.455337	0.039679	1.000000	1.000000
0.547354	0.754043	2.116733	2.455450	0.039676	1.000000	1.000000
0.547396	0.753985	2.116763	2.455564	0.039674	1.000000	1.000000
0.547255	0.753927	2.116793	2.455678	0.039683	1.000000	1.000000
0.547114	0.754148	2.116577	2.455528	0.039691	1.000000	1.000000
0.547157	0.754371	2.116360	2.455377	0.039689	1.000000	1.000000
0.547200	0.754312	2.116391	2.455494	0.039686	1.000000	1.000000
0.547056	0.754253	2.116421	2.455610	0.039695	1.000000	1.000000
0.546912	0.754479	2.116200	2.455457	0.039704	1.000000	1.000000
0.585546	0.754707	2.115978	2.455302	0.030876	1.000000	1.000000
0.585205	0.695755	2.170009	2.512221	0.030879	1.000000	1.000000
0.585246	0.696246	2.169595	2.511819	0.030879	1.000000	1.000000
0.585094	0.696192	2.169622	2.511916	0.030880	1.000000	1.000000
0.585136	0.696413	2.169426	2.511761	0.030880	1.000000	1.000000
0.585178	0.696358	2.169453	2.511859	0.030879	1.000000	1.000000
0.585221	0.696303	2.169481	2.511958	0.030879	1.000000	1.000000
0.585065	0.696247	2.169508	2.512057	0.030880	1.000000	1.000000
0.584710	0.696473	2.169308	2.511899	0.030884	1.000000	1.000000
0.584351	0.696986	2.168876	2.511479	0.030888	1.000000	1.000000
0.611570	0.697504	2.168440	2.511054	0.027887	1.000000	1.000000
0.611616	0.657209	2.201973	2.548453	0.027887	1.000000	1.000000
0.611661	0.657152	2.202001	2.548547	0.027887	1.000000	1.000000
0.611431	0.657094	2.202028	2.548642	0.027886	1.000000	1.000000
0.611477	0.657407	2.201775	2.548407	0.027886	1.000000	1.000000
0.611524	0.657349	2.201803	2.548502	0.027886	1.000000	1.000000
0.611455	0.657290	2.201831	2.548598	0.027886	1.000000	1.000000
0.611502	0.657386	2.201743	2.548553	0.027886	1.000000	1.000000
0.611549	0.657327	2.201772	2.548650	0.027886	1.000000	1.000000
0.610741	0.657268	2.201800	2.548748	0.027885	1.000000	1.000000
0.610789	0.658355	2.200957	2.547824	0.027885	1.000000	1.000000
0.618893	0.658295	2.200986	2.547923	0.027097	1.000000	1.000000
0.618419	0.647474	2.209234	2.557625	0.027095	1.000000	1.000000
0.618204	0.648110	2.208743	2.557107	0.027094	1.000000	1.000000
0.618252	0.648402	2.208509	2.556894	0.027094	1.000000	1.000000
0.618302	0.648341	2.208538	2.556994	0.027094	1.000000	1.000000
0.690231	0.648279	2.208567	2.557093	0.022360	1.000000	1.000000
0.690257	0.555613	2.296423	2.647976	0.022360	1.000000	1.000000
0.689898	0.555585	2.296437	2.648017	0.022355	1.000000	1.000000
0.689340	0.555995	2.296125	2.647668	0.022346	1.000000	1.000000
0.725366	0.556634	2.295642	2.647118	0.021217	1.000000	1.000000
0.724864	0.513135	2.329595	2.686531	0.021208	1.000000	1.000000
0.724623	0.513667	2.329221	2.686087	0.021204	1.000000	1.000000
0.743203	0.513923	2.329039	2.685880	0.020752	1.000000	1.000000
0.743231	0.494186	2.342850	2.702944	0.020753	1.000000	1.000000
0.743083	0.494157	2.342864	2.702980	0.020750	1.000000	1.000000
0.742935	0.494315	2.342754	2.702859	0.020747	1.000000	1.000000
0.742963	0.494475	2.342643	2.702736	0.020748	1.000000	1.000000
0.757393	0.494446	2.342657	2.702773	0.020318	1.000000	1.000000
0.775514	0.477646	2.353853	2.716995	0.019687	1.000000	1.000000
0.775545	0.457322	2.366895	2.733923	0.019688	1.000000	1.000000
0.775577	0.457291	2.366909	2.733959	0.019688	1.000000	1.000000
0.775610	0.457260	2.366923	2.733995	0.019689	1.000000	1.000000
0.797422	0.457228	2.366938	2.734031	0.019242	1.000000	1.000000
0.797456	0.433712	2.381357	2.753250	0.019242	1.000000	1.000000
0.797490	0.433680	2.381371	2.753285	0.019243	1.000000	1.000000
0.796883	0.433647	2.381385	2.753320	0.019547	1.000000	1.000000
0.796630	0.434235	2.381047	2.752866	0.019541	1.000000	1.000000
0.796333	0.434480	2.380905	2.752680	0.019534	1.000000	1.000000
0.796031	0.434768	2.380737	2.752462	0.019527	1.000000	1.000000
0.796066	0.435060	2.380566	2.752241	0.019528	1.000000	1.000000
0.796101	0.435026	2.380581	2.752277	0.019529	1.000000	1.000000
0.796136	0.434993	2.380596	2.752313	0.019529	1.000000	1.000000
0.795826	0.434959	2.380611	2.752350	0.019522	1.000000	1.000000
0.795862	0.435259	2.380435	2.752123	0.019523	1.000000	1.000000
0.795898	0.435225	2.380450	2.752160	0.019524	1.000000	1.000000
0.795934	0.435191	2.380465	2.752197	0.019525	1.000000	1.000000
0.795260	0.435156	2.380481	2.752234	0.019510	1.000000	1.000000
0.794984	0.435807	2.380105	2.751730	0.019503	1.000000	1.000000
0.795021	0.436073	2.379949	2.751527	0.019504	1.000000	1.000000
0.822531	0.436038	2.379965	2.751565	0.018969	1.000000	1.000000
0.822568	0.407650	2.396675	2.774401	0.018970	1.000000	1.000000
0.822263	0.407615	2.396690	2.774437	0.018963	1.000000	1.000000
0.822301	0.407904	2.396531	2.774223	0.018964	1.000000	1.000000
0.821989	0.407869	2.396546	2.774259	0.018956	1.000000	1.000000
0.822028	0.408164	2.396385	2.774041	0.018957	1.000000	1.000000
0.821354	0.408128	2.396400	2.774078	0.018941	1.000000	1.000000
0.873387	0.408764	2.396056	2.773596	0.018469	0.155822	1.000000
0.873422	0.356662	2.427163	2.816190	0.018471	0.155811	1.000000
0.873458	0.356629	2.427177	2.816219	0.018472	0.155800	1.000000
0.953744	0.356597	2.427190	2.816249	0.018220	0.084488	0.460030
0.953270	0.272148	2.488265	2.892538	0.018200	0.084373	0.461076
0.953290	0.272584	2.488055	2.892208	0.018201	0.084378	0.461031
0.953310	0.272566	2.488063	2.892223	0.018201	0.084383	0.460986
0.953330	0.272548	2.488071	2.892239	0.018202	0.084388	0.460941
0.976848	0.272530	2.488080	2.892254	0.018655	0.078172	0.283621
0.976856	0.240820	2.503928	2.916910	0.018655	0.078176	0.283636
0.976863	0.240809	2.503932	2.916919	0.018656	0.078179	0.283651
0.976873	0.240798	2.503936	2.916927	0.018657	0.078184	0.283671
0.976881	0.240784	2.503942	2.916939	0.018657	0.078187	0.283687
0.976888	0.240773	2.503947	2.916948	0.018658	0.078190	0.283702
0.976896	0.240761	2.503951	2.916956	0.018659	0.078194	0.283717
0.976904	0.240750	2.503955	2.916965	0.018659	0.078197	0.283733
0.976914	0.240739	2.503960	2.916974	0.018660	0.078202	0.283754
0.976927	0.240724	2.503966	2.916986	0.018661	0.078208	0.283780
0.976934	0.240705	2.503973	2.917000	0.018662	0.078211	0.283795
0.976942	0.240694	2.503978	2.917009	0.018662	0.078215	0.283811
0.976950	0.240682	2.503982	2.917018	0.018663	0.078218	0.283827
0.976958	0.240671	2.503987	2.917027	0.018664	0.078222	0.283843
0.976966	0.240659	2.503991	2.917036	0.018664	0.078225	0.283859
0.976979	0.240648	2.503996	2.917046	0.018665	0.078231	0.283886
0.976987	0.240628	2.504004	2.917060	0.018666	0.078235	0.283902
0.976995	0.240617	2.504008	2.917070	0.018667	0.078238	0.283918
0.977003	0.240605	2.504013	2.917079	0.018667	0.078242	0.283935
0.977011	0.240593	2.504017	2.917088	0.018668	0.078246	0.283951
0.977019	0.240581	2.504022	2.917098	0.018669	0.078249	0.283968
0.977027	0.240569	2.504027	2.917107	0.018669	0.078253	0.283985
0.977035	0.240557	2.504031	2.917117	0.018670	0.078257	0.284001
0.977043	0.240545	2.504036	2.917126	0.018671	0.078260	0.284018
0.977052	0.240533	2.504041	2.917136	0.018672	0.078264	0.284035
0.977060	0.240521	2.504046	2.917146	0.018672	0.078268	0.284052
0.977068	0.240509	2.504051	2.917155	0.018673	0.078272	0.284069
0.977077	0.240496	2.504055	2.917165	0.018674	0.078276	0.284086
0.977085	0.240484	2.504060	2.917175	0.018674	0.078279	0.284104
0.977094	0.240472	2.504065	2.917185	0.018675	0.078283	0.284121
0.977105	0.240459	2.504070	2.917195	0.018676	0.078288	0.284144
0.977114	0.240442	2.504077	2.917208	0.018677	0.078292	0.284162
0.977122	0.240430	2.504082	2.917218	0.018677	0.078296	0.284179
0.977131	0.240417	2.504087	2.917228	0.018678	0.078300	0.284197
0.977139	0.240404	2.504092	2.917238	0.018679	0.078304	0.284215
0.977148	0.240392	2.504097	2.917248	0.018680	0.078308	0.284233
0.977160	0.240379	2.504102	2.917258	0.018681	0.078313	0.284257
0.977169	0.240362	2.504108	2.917271	0.018681	0.078317	0.284275
0.977183	0.240349	2.504113	2.917282	0.018682	0.078324	0.284305
0.977192	0.240327	2.504122	2.917298	0.018683	0.078328	0.284323
0.977201	0.240314	2.504127	2.917308	0.018684	0.078332	0.284342
0.977210	0.240301	2.504132	2.917319	0.018685	0.078336	0.284360
0.977219	0.240287	2.504138	2.917329	0.018685	0.078340	0.284379
0.977231	0.240274	2.504143	2.917340	0.018686	0.078346	0.284403
0.977240	0.240256	2.504150	2.917354	0.018687	0.078350	0.284422
0.977249	0.240243	2.504155	2.917364	0.018457	0.078354	0.284441
0.977258	0.240229	2.504160	2.917375	0.018458	0.078358	0.284460
0.977267	0.240216	2.504166	2.917386	0.018458	0.078362	0.284479
0.977277	0.240202	2.504171	2.917396	0.018459	0.078367	0.284498
0.977286	0.240189	2.504176	2.917407	0.018460	0.078371	0.284517
0.977295	0.240175	2.504182	2.917418	0.018461	0.078375	0.284537
0.977305	0.240161	2.504187	2.917429	0.018462	0.078379	0.284556
0.977314	0.240147	2.504193	2.917440	0.018462	0.078384	0.284576
0.977327	0.240133	2.504198	2.917451	0.018463	0.078389	0.284602
0.977336	0.240114	2.504205	2.917465	0.018464	0.078394	0.284622
0.977346	0.240100	2.504211	2.917477	0.018465	0.078398	0.284642
0.977355	0.240086	2.504217	2.917488	0.018466	0.078403	0.284662
0.977365	0.240072	2.504222	2.917499	0.018466	0.078407	0.284682
0.977378	0.240058	2.504228	2.917510	0.018468	0.078413	0.284708
0.977391	0.240039	2.504235	2.917525	0.018469	0.078419	0.284735
0.977401	0.240019	2.504243	2.917540	0.018469	0.078423	0.284756
0.977411	0.240005	2.504249	2.917551	0.018470	0.078428	0.284776
0.977420	0.239990	2.504254	2.917563	0.018471	0.078432	0.284797
0.977430	0.239976	2.504260	2.917575	0.018472	0.078437	0.284817
0.977440	0.239961	2.504266	2.917586	0.018473	0.078442	0.284838
0.977460	0.239946	2.504271	2.917598	0.018474	0.078451	0.284880
0.977470	0.239917	2.504283	2.917620	0.018475	0.078455	0.284901
0.977480	0.239902	2.504289	2.917632	0.018476	0.078460	0.284922
0.977490	0.239887	2.504295	2.917644	0.018477	0.078465	0.284943
0.977504	0.239871	2.504301	2.917656	0.018478	0.078471	0.284972
0.977514	0.239851	2.504309	2.917671	0.018479	0.078476	0.284993
0.977525	0.239836	2.504315	2.917683	0.018480	0.078480	0.285015
0.977535	0.239821	2.504321	2.917696	0.018481	0.078485	0.285036
0.977545	0.239805	2.504327	2.917708	0.018481	0.078490	0.285058
0.977556	0.239790	2.504333	2.917720	0.018482	0.078495	0.285080
0.977570	0.239774	2.504339	2.917732	0.018483	0.078501	0.285109
0.977580	0.239754	2.504347	2.917748	0.018484	0.078506	0.285132
0.977594	0.239738	2.504353	2.917761	0.018486	0.078513	0.285161
0.977605	0.239717	2.504362	2.917777	0.018486	0.078517	0.285184
0.977616	0.239701	2.504368	2.917789	0.018487	0.078522	0.285206
0.977626	0.239685	2.504374	2.917802	0.018488	0.078527	0.285229
0.977637	0.239669	2.504380	2.917814	0.018489	0.078532	0.285251
0.977648	0.239653	2.504386	2.917827	0.018490	0.078537	0.285274
0.977659	0.239637	2.504393	2.917840	0.018491	0.078542	0.285297
0.977670	0.239621	2.504399	2.917853	0.018492	0.078547	0.285320
0.977681	0.239605	2.504405	2.917865	0.018493	0.078553	0.285343
0.977692	0.239588	2.504412	2.917878	0.018494	0.078558	0.285367
0.977703	0.239572	2.504418	2.917891	0.018495	0.078563	0.285390
0.977714	0.239555	2.504425	2.917904	0.018496	0.078568	0.285414
0.977729	0.239539	2.504431	2.917918	0.018497	0.078575	0.285445
0.977744	0.239517	2.504440	2.917935	0.018498	0.078582	0.285477
0.977759	0.239494	2.504449	2.917952	0.018499	0.078589	0.285509
0.977770	0.239472	2.504457	2.917969	0.018500	0.078594	0.285533
0.977785	0.239455	2.504464	2.917982	0.018501	0.078601	0.285565
0.977796	0.239432	2.504473	2.918000	0.018502	0.078606	0.285589
0.977808	0.239415	2.504480	2.918013	0.018503	0.078612	0.285614
0.977827	0.239398	2.504486	2.918027	0.018505	0.078621	0.285655
0.977839	0.239370	2.504498	2.918049	0.018506	0.078626	0.285679
0.977850	0.239352	2.504504	2.918062	0.018507	0.078631	0.285704
