#Timestep	Conc
0.000011567	0.000000000 
0.000023158	0.000000000 
0.000034771	0.000000000 
0.000046408	0.000000000 
0.000058068	0.000000000 
0.000069752	0.000000000 
0.000081459	0.000000000 
0.000093190	0.000000000 
0.000104945	0.000000000 
0.000116723	0.000000000 
0.000128525	0.000000000 
0.000140351	0.000000000 
0.000152201	0.000000000 
0.000164074	0.000000000 
0.000175972	0.000000000 
0.000187895	0.000000000 
0.000199841	0.000000000 
0.000211812	0.000000000 
0.000223807	0.000000000 
0.000235826	0.000000000 
0.000247870	0.000000000 
0.000272033	0.000000000 
0.000296294	0.000000000 
0.000320655	0.000000000 
0.000345116	0.000000000 
0.000369678	0.000000000 
0.000394342	0.000000000 
0.000419107	0.000000000 
0.000443976	0.000000000 
0.000468948	0.000000000 
0.000494024	0.000000000 
0.000519205	0.000000000 
0.000557174	0.000000000 
0.000595383	0.000000000 
0.000633833	0.000000000 
0.000672527	0.000000000 
0.000711468	0.000000000 
0.000750657	0.000000000 
0.000790097	0.000000000 
0.000829791	0.000000000 
0.000883115	0.000000000 
0.000936899	0.000000000 
0.000991151	0.000000000 
0.001045875	0.000000000 
0.001101079	0.000000000 
0.001156768	0.000000000 
0.001227072	0.000000000 
0.001298157	0.000000000 
0.001370037	0.000000000 
0.001442725	0.000000000 
0.001516235	0.000000000 
0.001605551	0.000000000 
0.001696096	0.000000000 
0.001787894	0.000000000 
0.001880973	0.000000000 
0.001975358	0.000000000 
0.002087163	0.000000000 
0.002200830	0.000000000 
0.002316407	0.000000000 
0.002433940	0.000000000 
0.002570726	0.000000000 
0.002710211	0.000000000 
0.002852478	0.000000000 
0.002997608	0.000000000 
0.003164413	0.000000000 
0.003335085	0.000000000 
0.003509758	0.000000000 
0.003688576	0.000000000 
0.003892305	0.000000000 
0.004101551	0.000000000 
0.004316540	0.000000000 
0.004537512	0.000000000 
0.004764721	0.000000000 
0.005022174	0.000000000 
0.005287876	0.000000000 
0.005562229	0.000000000 
0.005845663	0.000000000 
0.006138637	0.000000000 
0.006469700	0.000000000 
0.006813382	0.000000000 
0.007170418	0.000000000 
0.007541601	0.000000000 
0.007927788	0.000000000 
0.008329909	0.000000000 
0.008748970	0.000000000 
0.009223339	0.000000000 
0.009720392	0.000000001 
0.010241794	0.000000001 
0.010789379	0.000000001 
0.011365170	0.000000001 
0.011971402	0.000000001 
0.012610556	0.000000002 
0.013285386	0.000000002 
0.013998964	0.000000002 
0.014754724	0.000000003 
0.015493112	0.000000004 
0.016274115	0.000000004 
0.017101528	0.000000005 
0.017979613	0.000000006 
0.018913169	0.000000008 
0.019907621	0.000000009 
0.020969124	0.000000011 
0.022104692	0.000000014 
0.023217527	0.000000016 
0.024406390	0.000000019 
0.025679342	0.000000023 
0.027045623	0.000000027 
0.028515878	0.000000032 
0.029953033	0.000000038 
0.031496978	0.000000044 
0.033160063	0.000000052 
0.034956612	0.000000061 
0.036903341	0.000000072 
0.038799949	0.000000084 
0.040850800	0.000000098 
0.043075476	0.000000114 
0.045497010	0.000000133 
0.047836692	0.000000153 
0.050376014	0.000000176 
0.053141602	0.000000203 
0.056165026	0.000000235 
0.059051493	0.000000268 
0.062194148	0.000000306 
0.065628558	0.000000351 
0.069397169	0.000000403 
0.072931829	0.000000455 
0.076787774	0.000000516 
0.081010668	0.000000587 
0.085655205	0.000000670 
0.090787446	0.000000768 
0.095494433	0.000000864 
0.100651937	0.000000975 
0.106327336	0.000001105 
0.112602020	0.000001258 
0.119575194	0.000001440 
0.125737771	0.000001610 
0.132500830	0.000001808 
0.139955396	0.000002039 
0.148211570	0.000002311 
0.157403719	0.000002633 
0.167697403	0.000003019 
0.176262695	0.000003360 
0.185668432	0.000003755 
0.196041427	0.000004215 
0.207534576	0.000004757 
0.220333681	0.000005398 
0.234666438	0.000006163 
0.250814384	0.000007085 
0.269128914	0.000008208 
0.282756397	0.000009097 
0.297700825	0.000010124 
0.314150539	0.000011317 
0.332328772	0.000012712 
0.352501269	0.000014353 
0.374985681	0.000016300 
0.400163065	0.000018624 
0.428491829	0.000021423 
0.460524312	0.000024822 
0.496925937	0.000028984 
0.538496197	0.000034128 
0.586189574	0.000040542 
0.641132496	0.000048609 
0.704629447	0.000058834 
0.740038892	0.000064957 
0.778147569	0.000071883 
0.819155996	0.000079725 
0.863265901	0.000088611 
0.910675800	0.000098682 
0.961575725	0.000110096 
1.016141268	0.000123024 
1.074527216	0.000137651 
1.136861200	0.000154173 
1.203237844	0.000172797 
1.273713972	0.000193736 
1.348305373	0.000217208 
1.426985343	0.000243426 
1.509686584	0.000272605 
1.596294425	0.000304950 
1.686736441	0.000340630 
1.780203179	0.000380043 
1.882977683	0.000421217 
2.062670722	0.000532236 
2.230877563	0.000676609 
2.405230597	0.000842341 
2.597305807	0.000973734 
2.779289939	0.001309734 
2.964926495	0.001689681 
3.153738932	0.002114057 
3.345300095	0.002583202 
3.539232005	0.003097352 
3.735203612	0.003656665 
3.932927322	0.004261243 
4.132154892	0.004911147 
4.358871084	0.006346103 
4.736878999	0.007132982 
5.144387023	0.008840867 
5.554362156	0.010729814 
5.966205862	0.012799531 
6.379490848	0.015049719 
6.793912912	0.017480093 
7.209255909	0.020090396 
7.625366504	0.022880396 
8.042136059	0.025849893 
8.459487710	0.028998709 
8.902735713	0.034056059 
9.505095327	0.037654289 
10.133842630	0.043384297 
10.763559342	0.049516361 
11.394216711	0.056050170 
12.025798488	0.062985438 
12.658295866	0.070321897 
13.291704477	0.078059293 
14.137664021	0.088999074 
14.985240587	0.100650621 
15.834436687	0.113013372 
16.685256110	0.126086772 
17.537703280	0.139870270 
18.417024577	0.158094950 
19.461685625	0.173476595 
20.534156414	0.193696623 
21.609205075	0.215022337 
22.712037104	0.242068611 
23.983434613	0.265825704 
25.283785235	0.295786041 
26.587910324	0.327331866 
27.920969933	0.366134032 
29.426544608	0.401111599 
30.962473515	0.443912037 
32.528740163	0.495453175 
34.271425103	0.542854378 
36.046128391	0.599645609 
37.852843966	0.666870346 
39.840535577	0.729593287 
41.862200235	0.803480033 
44.119030104	0.889700631 
46.387029896	0.980254530 
48.894829803	1.084858956 
51.416356510	1.194685790 
54.182899552	1.320440218 
56.966057608	1.452382684 
60.000065734	1.602287093 
63.053934565	1.759419576 
66.365145382	1.936702314 
69.699849433	2.122325316 
73.299090998	2.330437327 
77.168650553	2.562918462 
81.069917184	2.806201416 
85.250168323	3.076489120 
89.716284181	3.375885120 
94.224036649	3.688823141 
99.027989752	4.033788419 
104.136261907	4.413098724 
109.557590485	4.829179510 
115.038842273	5.263431222 
120.846355941	5.737776196 
126.990351972	6.254839954 
133.481782611	6.817349536 
140.332371232	7.428131517 
147.554653977	8.090110052 
155.162023614	8.806304940 
163.168775517	9.579829732 
171.590155632	10.413889918 
180.170113846	11.311776294 
189.440362359	12.245165612 
198.919695225	13.279700753 
209.136268296	14.354235600 
219.884470858	15.539520744 
231.160990414	16.806350488 
242.989142951	18.158531548 
255.393601654	19.599951439 
268.400438963	21.134577351 
282.037162324	22.766454865 
296.332741833	24.499706303 
311.317627874	26.338528409 
327.023757009	28.287188883 
343.443383135	30.467986904 
360.680255767	33.016632487 
378.714600484	36.320548141 
397.829022363	41.479630056 
417.831386500	46.860340507 
438.802752523	52.430634769 
460.876409319	58.147597452 
484.075905711	63.908262221 
508.398037743	69.501372139 
533.953028224	74.755472515 
560.761227286	79.567548172 
588.979999869	84.577160348 
618.647348878	88.003521594 
649.650513670	90.868613618 
682.312653259	93.619344582 
716.617449724	96.082619084 
752.534677604	98.011703654 
790.339003491	99.207202148 
829.953550397	99.735169026 
871.650383240	99.907059502 
915.390968541	99.952608213 
961.463866750	99.963277212 
1019.578576635	99.965337917 
1070.591922709	99.965409509 
1128.540108052	99.965503718 
1197.756552406	99.965558724 
1273.805979857	99.965631026 
1349.670498710	99.965692646 
1425.351752754	99.965745119 
1500.851473857	99.965789767 
1576.171263197	99.965827725 
1658.247376784	99.965869596 
1751.227234148	99.965895503 
1850.831559467	99.965924016 
1950.129693498	99.965946861 
2049.125456755	99.965965138 
2154.683316101	99.965982901 
2270.779805931	99.965993903 
2393.283860246	99.966004554 
2515.341302534	99.966012545 
2643.753793818	99.966019525 
2782.332720200	99.966023737 
2927.095121493	99.966027397 
3077.998150449	99.966030305 
3238.709069621	99.966032000 
3405.380674840	99.966033338 
3577.971510446	99.966034326 
3759.986746340	99.966034896 
3948.560330069	99.966035351 
4157.864908619	99.966035653 
4366.855674587	99.966035906 
4597.788418481	99.966036123 
4828.291949716	99.966036315 
5078.560060031	99.966036492 
5334.767444919	99.966036688 
5605.525546203	99.966036863 
5890.550832665	99.966037012 
6186.792055306	99.966037149 
6496.935767092	99.966037247 
6827.181791110	99.966037312 
7170.798084877	99.966037353 
7540.438085196	99.966037376 
7929.413479732	99.966037385 
8337.530142192	99.966037389 
8764.632428140	99.966037390 
9210.606094529	99.966037390 
9675.379980711	99.966037390 
10160.217744911	99.966037390 
10682.144713363	99.966037390 
11224.042082899	99.966037390 
11786.156902092	99.966037390 
12385.036057643	99.966037390 
13004.330749399	99.966037390 
13663.387374968	99.966037390 
14348.401723943	99.966037390 
15066.804847059	99.966037390 
15820.279579500	99.966037390 
16617.364377859	99.966037390 
17456.449072560	99.966037390 
18335.979426958	99.966037391 
19256.040489867	99.966037391 
20223.487207030	99.966037391 
21238.457879525	99.966037391 
22300.911926798	99.966037391 
23424.532084791	99.966037391 
24609.343620920	99.966037391 
25841.750271393	99.966037391 
27142.194021336	99.966037391 
28510.688131154	99.966037391 
29940.433114360	99.966037391 
31438.249248967	99.966037391 
33010.940036519	99.966037391 
34665.321542964	99.966037391 
36401.396141368	99.966037391 
38232.775970049	99.966037391 
40152.665324765	99.966037391 
42161.064993302	99.966037391 
44278.382383806	99.966037391 
46504.635053278	99.966037391 
48833.009246664	99.966037391 
51283.929372572	99.966037391 
53857.395469779	99.966037391 
56553.407558616	99.966037391 
59392.389983316	99.966037392 
62374.342749548	99.966037392 
65499.265860981	99.966037392 
68787.583655087	99.966037392 
72239.296131934	99.966037392 
75854.403292668	99.966037392 
79653.329473241	99.966037392 
83636.074675401	99.966037392 
87823.063235324	99.966037392 
92214.295155338	99.966037392 
96830.194772187	99.966037393 
